/*--------------------------------*- C++ -*----------------------------------*\
  =========                 |
  \\      /  F ield         | OpenFOAM: The Open Source CFD Toolbox
   \\    /   O peration     | Website:  https://openfoam.org
    \\  /    A nd           | Version:  13
     \\/     M anipulation  |
\*---------------------------------------------------------------------------*/
FoamFile
{
    format      ascii;
    class       faceSet;
    location    "constant/polyMesh/sets";
    object      circularFaceZone_z035;
}
// * * * * * * * * * * * * * * * * * * * * * * * * * * * * * * * * * * * * * //


576
(
403491 
403495 
403499 
403503 
403507 
415797 
403511 
415801 
403515 
415805 
403519 
415809 
403523 
415813 
403527 
415817 
403531 
415821 
403535 
415825 
415829 
415833 
415837 
415840 
397419 
397423 
397427 
397431 
397435 
397439 
397443 
397447 
397451 
397455 
397459 
397463 
417945 
417949 
417953 
417957 
417961 
417965 
417969 
417973 
417977 
417981 
417985 
405699 
417988 
405703 
405707 
405711 
405715 
405719 
405723 
405727 
405731 
405735 
405739 
405743 
420093 
420097 
420101 
420105 
399627 
420109 
399631 
420113 
399635 
420117 
399639 
420121 
399643 
420125 
399647 
420129 
409890 
399651 
420133 
409894 
399655 
420136 
409898 
399659 
409902 
399663 
409906 
399667 
409910 
399671 
409914 
409918 
409922 
409926 
409930 
409933 
407906 
407909 
407912 
407915 
407918 
407921 
407924 
407927 
407930 
407933 
407936 
407939 
412038 
412042 
412046 
412050 
412054 
412058 
412062 
412066 
412070 
412074 
401835 
412078 
401839 
412081 
401843 
401847 
401851 
401855 
401859 
401863 
401867 
401871 
401875 
401879 
414186 
414190 
414194 
395763 
414198 
395767 
414202 
395771 
414206 
395775 
414210 
395779 
414214 
395783 
414218 
395787 
414222 
395791 
414226 
395795 
414229 
395799 
395803 
395807 
404043 
416334 
404047 
416338 
404051 
416342 
404055 
416346 
404059 
416350 
404063 
416354 
404067 
416358 
404071 
416362 
404075 
416366 
404079 
416370 
404083 
416374 
404087 
416377 
397971 
397975 
397979 
397983 
397987 
397991 
397995 
397999 
418482 
398003 
418486 
398007 
418490 
398011 
418494 
398015 
418498 
418502 
418506 
418510 
418514 
418518 
408279 
418522 
408283 
418525 
408287 
408291 
408295 
408299 
406251 
408303 
406255 
408307 
406259 
408311 
406263 
408315 
406267 
408319 
406271 
408322 
406275 
406279 
406283 
406287 
406291 
420629 
406295 
420632 
420635 
420638 
420641 
420644 
420647 
420650 
420653 
420656 
420659 
400179 
420661 
400183 
410427 
400187 
410431 
400191 
410435 
400195 
410439 
400199 
410443 
400203 
410447 
400207 
410451 
400211 
410455 
400215 
410459 
400219 
410463 
400223 
410467 
410470 
412575 
412579 
412583 
412587 
412591 
412595 
412599 
412603 
412607 
412611 
412615 
412618 
402387 
402391 
402395 
402399 
402403 
402407 
402411 
402415 
402419 
402423 
402427 
402431 
414723 
414727 
414731 
414735 
414739 
414743 
414747 
396315 
414751 
396319 
414755 
396323 
414759 
396327 
414763 
396331 
414766 
396335 
396339 
396343 
396347 
396351 
396355 
396359 
416871 
416875 
416879 
416883 
404595 
416887 
404599 
416891 
404603 
416895 
404607 
416899 
404611 
416903 
404615 
416907 
404619 
416911 
404623 
416914 
404627 
404631 
404635 
404639 
398523 
398527 
398531 
398535 
419019 
398539 
419023 
398543 
419027 
398547 
419031 
398551 
419035 
398555 
419039 
398559 
419043 
398563 
419047 
398567 
419051 
419055 
408816 
419059 
408820 
419062 
408824 
408828 
408832 
408836 
408840 
408844 
408848 
406803 
408852 
406807 
408856 
408859 
406811 
406815 
406819 
406823 
406827 
406831 
406835 
406839 
406843 
406847 
410964 
410968 
400731 
410972 
400735 
410976 
400739 
410980 
400743 
410984 
400747 
410988 
400751 
410992 
400755 
410996 
400759 
411000 
400763 
411004 
411007 
400767 
400771 
400775 
413112 
413116 
413120 
413124 
413128 
413132 
413136 
413140 
413144 
413148 
413152 
413155 
402939 
402943 
402947 
402951 
402955 
402959 
402963 
402967 
402971 
415260 
402975 
415264 
402979 
415268 
402983 
415272 
415276 
415280 
415284 
415288 
415292 
415296 
396867 
415300 
415303 
396871 
396875 
396879 
396883 
396887 
396891 
396895 
396899 
396903 
396907 
396911 
417408 
417412 
417416 
417420 
417424 
417428 
417432 
405147 
417436 
405151 
417440 
405155 
417444 
405159 
417448 
417451 
405163 
405167 
405171 
405175 
405179 
405183 
405187 
405191 
399075 
419556 
399079 
419560 
399083 
419564 
399087 
419568 
399091 
419572 
399095 
419576 
399099 
419580 
399103 
419584 
399107 
419588 
399111 
419592 
409353 
399115 
419596 
409357 
419599 
399119 
409361 
409365 
409369 
409373 
409377 
409381 
409385 
409389 
409393 
409396 
407355 
407359 
407363 
407367 
407371 
407375 
407379 
407383 
407387 
407391 
407395 
407399 
411501 
411505 
411509 
411513 
411517 
411521 
401283 
411525 
401287 
411529 
401291 
411533 
401295 
411537 
401299 
411541 
401303 
411544 
401307 
401311 
401315 
401319 
401323 
401327 
395211 
395215 
413649 
395219 
413653 
395223 
413657 
395227 
413661 
395231 
413665 
395235 
413669 
395239 
413673 
395243 
413677 
395247 
413681 
395251 
413685 
395255 
413689 
413692 
)

// ************************************************************************* //
