/*--------------------------------*- C++ -*----------------------------------*\
  =========                 |
  \\      /  F ield         | OpenFOAM: The Open Source CFD Toolbox
   \\    /   O peration     | Website:  https://openfoam.org
    \\  /    A nd           | Version:  13
     \\/     M anipulation  |
\*---------------------------------------------------------------------------*/
FoamFile
{
    format      ascii;
    class       faceSet;
    location    "constant/polyMesh/sets";
    object      circFaces;
}
// * * * * * * * * * * * * * * * * * * * * * * * * * * * * * * * * * * * * * //


576
(
319490 
319493 
319496 
319499 
319502 
356367 
319505 
356370 
319508 
356373 
319511 
356376 
319514 
356379 
319517 
356382 
319520 
356385 
319523 
356388 
319526 
356391 
319529 
356394 
319532 
356397 
319535 
356399 
319538 
319541 
319544 
319547 
319550 
319553 
319556 
319559 
319562 
319565 
319568 
319571 
319574 
331862 
319577 
331865 
319580 
331868 
319583 
331871 
319586 
331874 
319589 
331877 
319592 
331880 
319595 
331883 
319598 
331886 
319601 
331889 
319604 
331892 
319607 
331895 
319610 
331898 
319613 
331901 
319616 
331904 
319619 
331907 
319622 
331910 
319625 
331913 
319628 
331916 
319631 
331919 
319634 
331922 
319637 
331925 
319640 
331928 
319643 
331931 
319646 
331934 
319649 
331937 
319652 
331940 
319655 
331943 
319658 
331946 
319661 
331949 
319664 
331952 
319667 
331955 
319670 
331958 
319673 
331961 
319676 
331964 
319679 
331967 
331970 
331973 
331976 
331979 
331982 
331985 
331988 
331991 
331994 
331997 
332000 
332003 
332006 
332009 
332012 
332015 
332018 
332021 
332024 
332027 
332030 
332033 
332036 
332039 
332042 
332045 
332048 
332051 
332054 
332057 
332060 
332063 
332066 
332069 
332072 
332075 
332078 
332081 
332084 
332087 
332090 
332093 
332096 
332099 
332102 
332105 
352587 
332108 
352590 
332111 
352593 
332114 
352596 
332117 
352599 
332120 
352602 
332123 
352605 
332126 
352608 
332129 
352611 
332132 
352614 
332135 
352617 
332138 
352619 
332141 
332144 
332147 
332150 
332153 
332156 
332159 
332162 
332165 
332168 
332171 
332174 
332177 
332180 
332183 
332186 
332189 
332192 
332195 
332198 
332201 
332204 
332207 
332210 
332213 
332216 
332219 
354747 
332222 
354750 
332225 
354753 
332228 
354756 
332231 
354759 
332234 
354762 
332237 
354765 
332240 
354768 
332243 
354771 
332246 
354774 
332249 
354777 
354779 
332252 
332255 
332257 
332259 
332261 
332263 
332265 
332267 
332269 
332271 
332273 
332275 
332277 
332279 
356907 
356910 
356913 
356916 
356919 
356922 
356925 
356928 
356931 
356934 
356937 
356939 
344811 
344815 
344819 
344823 
344827 
344831 
344835 
344839 
344843 
344847 
344851 
344855 
344858 
344861 
344864 
344867 
344870 
344873 
344876 
344879 
344882 
344885 
344888 
344891 
344894 
344897 
344900 
344903 
344906 
344909 
344912 
344915 
344918 
344921 
344924 
344927 
344930 
344933 
353127 
344936 
353130 
344939 
353133 
344942 
353136 
344945 
353139 
344948 
353142 
344951 
353145 
344954 
353148 
344957 
353151 
344960 
353154 
344963 
353157 
344966 
353159 
344969 
344972 
344975 
344978 
344981 
344984 
344987 
344990 
344993 
344996 
344999 
345002 
345005 
345008 
345011 
345014 
345017 
345020 
345023 
345026 
345029 
345032 
345035 
345038 
345041 
345044 
345047 
355287 
345050 
355290 
345053 
355293 
345056 
355296 
345059 
355299 
345062 
355302 
345065 
355305 
345068 
355308 
345071 
355311 
345074 
355314 
345077 
355317 
355319 
345080 
345083 
345086 
345089 
345092 
345095 
345098 
345101 
345104 
345107 
345110 
345113 
345116 
345119 
345122 
345125 
345128 
345131 
345134 
345137 
345140 
345143 
345146 
345149 
345152 
345155 
345158 
357447 
345161 
357450 
345164 
357453 
345167 
357456 
345170 
357459 
345173 
357462 
345176 
357465 
345179 
357468 
345182 
357471 
345185 
357474 
345188 
357477 
345191 
357479 
345194 
345197 
345200 
345203 
345206 
345209 
345212 
345215 
345217 
345219 
345221 
345223 
345225 
345227 
345229 
345231 
345233 
345235 
345237 
345239 
353667 
353670 
353673 
353676 
353679 
353682 
353685 
353688 
353691 
353694 
353697 
353699 
357818 
357820 
357822 
357824 
357826 
357828 
357830 
357832 
357834 
357836 
357838 
357839 
355827 
355830 
355833 
355836 
355839 
355842 
355845 
355848 
355851 
355854 
355857 
355859 
319250 
319253 
319256 
319259 
319262 
319265 
319268 
319271 
319274 
319277 
352047 
319280 
352050 
319283 
352053 
319286 
352056 
319289 
352059 
319292 
352062 
319295 
352065 
319298 
352068 
319301 
352071 
319304 
352074 
319307 
352077 
319310 
352079 
319313 
319316 
319319 
319322 
319325 
319328 
319331 
319334 
319337 
319340 
319343 
319346 
319349 
319352 
319355 
319358 
319361 
319364 
319367 
319370 
319373 
319376 
319379 
319382 
319385 
319388 
319391 
354207 
319394 
354210 
319397 
354213 
319400 
354216 
319403 
354219 
319406 
354222 
319409 
354225 
319412 
354228 
319415 
354231 
319418 
354234 
319421 
354237 
354239 
319424 
319427 
319430 
319433 
319436 
319439 
319442 
319445 
319448 
319451 
319454 
319457 
319460 
319463 
319466 
319469 
319472 
319475 
319478 
319481 
319484 
319487 
)

// ************************************************************************* //
