/*--------------------------------*- C++ -*----------------------------------*\
  =========                 |
  \\      /  F ield         | OpenFOAM: The Open Source CFD Toolbox
   \\    /   O peration     | Website:  https://openfoam.org
    \\  /    A nd           | Version:  13
     \\/     M anipulation  |
\*---------------------------------------------------------------------------*/
FoamFile
{
    format      ascii;
    class       faceSet;
    location    "constant/polyMesh/sets";
    object      wingFaceSet;
}
// * * * * * * * * * * * * * * * * * * * * * * * * * * * * * * * * * * * * * //


462
(
475163 
475199 
475235 
475271 
475307 
475331 
475619 
475655 
475691 
475727 
475763 
475799 
475835 
475859 
148179 
148228 
148276 
148324 
148372 
148420 
476147 
148468 
476183 
148516 
476219 
148564 
476255 
476291 
148612 
476327 
148660 
476363 
476387 
148708 
148756 
148804 
148852 
148900 
148948 
148984 
476675 
476711 
149032 
476747 
149069 
476783 
149105 
476819 
149141 
476855 
149177 
476891 
149213 
476915 
149249 
149285 
149321 
149357 
149393 
149429 
149465 
149501 
477203 
149537 
477239 
149573 
477275 
149609 
477311 
149633 
477347 
149680 
477383 
149717 
477419 
149753 
477443 
149789 
149825 
149861 
149897 
149933 
477635 
149969 
477659 
477683 
150005 
477707 
150041 
477731 
477755 
150077 
477779 
477791 
150113 
150149 
150185 
150221 
150257 
150281 
150328 
150365 
150401 
150437 
150473 
150509 
150545 
150581 
150617 
150653 
150689 
150725 
150761 
150797 
150833 
150869 
150905 
150929 
150976 
151013 
151049 
151085 
151121 
151157 
151193 
151229 
151265 
151301 
151337 
151373 
151409 
151445 
151481 
151517 
151553 
151577 
151624 
151661 
151697 
151733 
151769 
151805 
151841 
151877 
151913 
151949 
151985 
152021 
152057 
152093 
152129 
152165 
152201 
152225 
152272 
152309 
152345 
152381 
152417 
152453 
152489 
152525 
152561 
152597 
152633 
152669 
152705 
152741 
152777 
316622 
316628 
316631 
316637 
316640 
316646 
316649 
152813 
152849 
152873 
152920 
152957 
152993 
153029 
153065 
153101 
153137 
153173 
153209 
317054 
317057 
317060 
317063 
317066 
317069 
317072 
317075 
317078 
317081 
317084 
153245 
317086 
153281 
153317 
153353 
153389 
153425 
153461 
153497 
153521 
317486 
317489 
317492 
317495 
317498 
317501 
317504 
317507 
317510 
317513 
317516 
317518 
317918 
317921 
317924 
317927 
317930 
317933 
317936 
317939 
317942 
317945 
317948 
317950 
318350 
318353 
318356 
318359 
318362 
318365 
318368 
318371 
318374 
318377 
318380 
318382 
220415 
318782 
318785 
318788 
318791 
318794 
318797 
318800 
318803 
318806 
318809 
318812 
318814 
220523 
220559 
220631 
220775 
220858 
220895 
319214 
319217 
319220 
319223 
319226 
319229 
319232 
319235 
220931 
319238 
319241 
319244 
319246 
220967 
221003 
221039 
221075 
221111 
221147 
221183 
221219 
221255 
221291 
221327 
319645 
319648 
319651 
319654 
319657 
319660 
319663 
319666 
221363 
319669 
319672 
319675 
319677 
221399 
221435 
221471 
221518 
221555 
221591 
221627 
221663 
221699 
221735 
221771 
221807 
221843 
221879 
221915 
221951 
221987 
222023 
222059 
222095 
222131 
222178 
222215 
222251 
222287 
222323 
222359 
222395 
222431 
222467 
222503 
222539 
222575 
222611 
222647 
222683 
222719 
222755 
222791 
222838 
222875 
222911 
222947 
222983 
223019 
223055 
223091 
223127 
223163 
223199 
223235 
223271 
223307 
223343 
223379 
223415 
223451 
223498 
223535 
223571 
223607 
223643 
223679 
223715 
223751 
223787 
223823 
223859 
223895 
223931 
223967 
224003 
224039 
224075 
224111 
224158 
224195 
224231 
224267 
224303 
224339 
224375 
224411 
224447 
224483 
224519 
224555 
224591 
224627 
224663 
224699 
224735 
224771 
224806 
224831 
224855 
224879 
224903 
224927 
224951 
224975 
224999 
225023 
225047 
225071 
225095 
225119 
225143 
225167 
225191 
225215 
471923 
471959 
471995 
472031 
472067 
472103 
472139 
472163 
472451 
472487 
472523 
472559 
472595 
472631 
472667 
472691 
472979 
473015 
473051 
473087 
473123 
473159 
473195 
473219 
473507 
473543 
473579 
473615 
473651 
473687 
473723 
473747 
474035 
474071 
474107 
474143 
474179 
474215 
474251 
474275 
474563 
474599 
474635 
474671 
474707 
474743 
474779 
474803 
475091 
475127 
)

// ************************************************************************* //
