/*--------------------------------*- C++ -*----------------------------------*\
| =========                 |                                                 |
| \\      /  F ield         | OpenFOAM: The Open Source CFD Toolbox           |
|  \\    /   O peration     | Version:  2512                                  |
|   \\  /    A nd           | Website:  www.openfoam.com                      |
|    \\/     M anipulation  |                                                 |
\*---------------------------------------------------------------------------*/
FoamFile
{
    version     2.0;
    format      ascii;
    arch        "LSB;label=32;scalar=64";
    class       regIOobject;
    location    "constant/polyMesh";
    object      faceZones;
    meta
    {
        names           ( heatSource heatSink );
    }
}
// * * * * * * * * * * * * * * * * * * * * * * * * * * * * * * * * * * * * * //

2
(
heatSource
{
    type            faceZone;
    faceLabels      List<label> 
682
(
22424
22437
22450
22463
22475
22486
22499
22511
22522
22535
22548
22561
22574
22587
22600
22613
22626
22639
22651
22661
22671
22679
22683
22687
22691
22695
22699
22703
22707
22711
22715
22719
22723
22727
22731
22735
22739
22744
22751
22758
22765
22773
136121
136417
136141
133972
135945
137387
133878
136543
136277
137045
134827
137014
134830
135854
136782
135677
134517
135938
135644
133625
134832
137052
136226
137111
133761
135048
137296
137308
137275
136637
136212
133960
137135
136073
135707
137047
136571
134611
136404
135893
134718
136081
136118
135544
133788
135523
133929
136124
137115
136425
136342
136328
136229
136616
134983
137266
136848
136250
137131
136640
136652
136797
137016
136642
133758
133764
134141
136668
137000
136038
137141
137055
136205
136449
134806
137311
136180
137312
135755
135835
134110
133811
136505
134480
135114
137011
136267
133727
135726
137165
137035
136078
133686
134588
135200
136683
137033
134986
134018
133921
136979
137314
133902
136459
137134
137227
134082
134781
134539
136410
133747
136225
135408
133672
136325
135996
135515
133710
136951
135954
135520
136187
133755
136570
135503
136419
134787
136151
135977
136266
137018
134268
136164
136727
136310
134910
135165
136760
135118
134314
133771
134939
137104
136366
136676
135088
135920
136792
134570
137149
137002
134304
135271
136272
136508
136628
137022
134093
136984
136997
136609
135814
136261
156733
136764
133679
136835
137076
135023
136519
134767
135204
134167
136313
136495
134898
136908
136274
153892
134779
133871
134363
135194
135167
136054
134097
137185
135236
133785
134156
136409
135075
135044
136625
134692
136963
136559
135868
135372
137181
135099
136096
134932
137160
134250
135091
135908
133713
136486
136414
136345
135530
133796
137175
133637
134435
134531
137071
133605
136564
136456
137130
137319
137374
137321
134875
133949
136233
134412
133819
136925
134604
135568
135618
135737
136178
137143
136765
136386
137228
136855
136023
134502
136363
134213
137208
134976
137159
134748
133633
136521
136516
136427
136554
134816
134300
135145
136132
136613
135859
135602
135724
134028
137129
136407
136173
136700
136526
135002
136819
136478
135877
134946
137163
134152
135591
137030
137042
137041
136772
134400
135391
136007
135281
137197
134264
134325
134014
134879
136832
136620
136168
133867
135378
133735
136484
137120
134536
136827
134456
134683
136883
134597
134593
133676
135172
133668
136500
136924
135111
136566
136928
135038
135069
135371
136936
134855
135479
135314
135332
133731
134245
134508
136787
133823
134646
134288
135344
136569
135968
134841
134904
134477
136088
136525
137112
136747
137167
137216
134681
135629
134134
137073
136529
136048
134803
135501
135424
134386
136845
136451
136195
133664
136219
133953
133941
134809
134632
137119
136825
134382
135131
134369
137354
136331
134951
136278
135376
137345
137337
136412
134732
136349
136750
137352
135625
135476
135019
136315
136935
133621
135619
133890
136899
135034
133957
134420
136689
133894
136394
136688
137323
137356
135642
135973
136794
134010
135109
134051
135588
135607
136101
136611
136534
136071
137066
135015
136330
135732
135073
135586
135806
136941
135482
135052
134574
137127
134307
136153
135213
136923
137229
135986
134775
136059
135449
135444
136926
135797
135466
136703
136397
135842
135769
136114
135705
135538
137348
137248
135506
136879
135648
135533
134515
136939
136240
134074
135719
137142
134275
134347
133968
136139
136051
133995
136137
135851
134607
136985
134491
135574
136243
135418
136869
134048
135856
135154
137010
134583
135980
136638
137221
135157
136970
135473
134396
135670
134459
137037
133804
134783
135403
134494
134861
134254
134661
137172
134078
136258
136421
136902
135763
133597
135055
135853
136075
137062
136109
136586
135753
134792
134339
135031
136981
136192
134065
135221
135745
136005
136447
133964
134744
137121
134357
134164
134189
136041
135869
22784
22797
22810
22823
22836
22849
22862
22875
22888
22901
22914
22927
22940
22953
22966
22979
22992
23005
23018
23028
23032
23036
23040
23044
23048
23052
23056
23060
23064
23068
23072
23076
23080
23084
23088
23092
23096
23101
23108
23115
23481
23493
23504
23517
23529
23539
23549
23558
23567
23580
23592
23603
23615
23626
23639
23652
23665
23678
23691
23704
23714
23718
23723
23729
23733
23738
23745
23752
23759
23765
23769
23773
23777
23781
23786
23793
23799
23803
23807
23811
23124
23135
23144
23156
23167
23180
23191
23199
23208
23216
23227
23240
23253
23266
23279
23292
23305
23318
23331
23344
23357
23368
23374
23378
23383
23390
23396
23400
23404
23409
23416
23423
23430
23436
23440
23444
23448
23454
23462
23466
23470
23474
)
;
    flipMap         List<bool> 682{0};
}
heatSink
{
    type            faceZone;
    faceLabels      List<label> 
5818
(
27613
27624
27637
27650
27663
27676
27689
27702
27713
27720
27727
27734
27741
27748
27756
27765
63786
63794
63804
63814
63823
63831
63841
63850
63858
63867
63875
63884
63892
63901
63909
63918
63926
63935
63943
63952
63960
63969
63977
63986
63994
64003
64011
64020
64028
64037
64045
64054
64062
64071
64079
64088
64096
64105
64113
64122
64130
64139
64146
64154
64163
64171
64180
64188
64197
64205
64214
64222
64231
64239
64248
64255
64263
64273
64283
64293
64303
64313
64323
64333
64343
64352
64360
64369
64376
64384
64393
64401
64411
64420
64428
64437
64445
64454
64462
64471
64478
64485
64493
64503
64513
64523
64533
64542
64550
64558
64563
64570
64577
64584
64591
64598
64605
64612
64619
64626
64633
64640
64647
64654
64661
64669
64678
64685
64693
64703
64712
64720
64730
64739
64747
64757
64766
64774
64784
64793
64801
64810
64818
64827
64835
64844
64852
64861
64869
64878
64886
64895
64903
64912
64920
64929
64937
64946
64954
64963
64970
64978
64987
64995
65004
65011
65019
65029
65038
65046
65055
65062
65070
65080
65089
65097
65107
65116
65124
65133
65140
65148
65157
65164
65171
65178
65186
65195
65203
65212
65220
65229
65236
65244
65253
65260
65268
65277
65285
65294
65301
65308
65316
65325
65332
65339
65345
65350
65357
65364
65371
65379
65389
65399
65409
65419
65428
65435
65443
65452
65460
65469
65477
65487
65496
65503
65511
65521
65530
65538
65548
65557
65565
65574
65581
65589
65599
65609
65618
65625
65633
65642
65649
65657
65668
65679
65686
65693
65700
65708
65718
65727
65734
65741
65748
65756
65765
65772
65779
65786
65793
65799
65805
65813
65817
65823
65832
65839
65845
65850
65857
65865
65873
65878
65884
65888
65893
65899
65903
65907
33167
33178
33186
33197
33210
33223
33236
33249
33262
33273
33280
33287
33294
33301
33308
33316
33327
33338
33346
33357
33370
33383
33396
33409
33422
33433
33440
33447
33454
33461
33468
33476
72877
72887
72897
72907
72917
72927
72937
72947
72957
72967
72977
72987
72997
73007
73017
73027
73037
73047
73057
73065
73069
73073
73077
73081
73085
73089
73093
73097
73101
73105
73109
73113
73117
73121
73125
73129
73133
73137
73141
70673
70681
70691
70700
70708
70717
70725
70734
70742
70751
70759
70768
70776
70786
70795
70803
70813
70823
70833
70843
70853
70863
70873
70883
70892
70899
70907
70917
70927
70937
70946
70954
70965
70976
70985
70996
71005
71016
71025
71036
71045
71056
71065
71076
71085
71096
71105
71116
71125
71136
71145
71156
71165
71176
71185
71196
71205
71216
71225
71236
71245
71256
71265
71276
71285
71296
71303
71311
71320
71328
71337
71344
71352
71362
71372
71382
71392
71402
71412
71421
71428
71436
71446
71455
71462
71469
71476
71483
71490
71497
71504
71511
71518
71525
71532
71539
71546
71553
71560
71567
71574
71581
71589
71599
71609
71618
71626
71635
71643
71652
71659
71667
71677
71687
71696
71704
71713
71721
71731
71740
71748
71758
71767
71774
71782
71792
71801
71809
71818
71826
71835
71843
71852
71859
71867
71876
71883
71891
71901
71910
71918
71927
71935
71944
71952
71961
71969
71978
71986
71995
72003
72012
72020
72029
72037
72046
72054
72063
72071
72080
72088
72097
72105
72114
72122
72131
72138
72146
72155
72162
72169
72176
72183
72190
72197
72204
72211
72218
72226
72235
72242
72250
72260
72269
72276
72283
72291
72300
72308
72318
72328
72337
72345
72354
72362
72372
72382
72391
72398
72405
72413
72422
72429
72437
72447
72456
72463
72470
72477
72485
72493
72499
72508
72515
72522
72530
72540
72549
72557
72566
72574
72583
72590
72598
72608
72618
72627
72634
72642
72651
72659
72668
72675
72681
72687
72697
72706
72714
72723
72731
72739
72743
72749
72758
72765
72773
72782
72788
72794
72802
72808
72816
72820
72825
72833
72842
72849
72855
72859
72863
72867
72871
28361
28372
28385
28398
28411
28423
28434
28447
28460
28473
28486
28499
28511
28522
28535
28548
28561
28573
28583
28593
28602
28609
28617
28626
28632
28638
28647
28655
28664
28672
28681
28688
28695
28702
28710
28721
28732
28740
28749
28757
28765
28769
28774
28781
40844
40852
40862
40872
40881
40889
40899
40908
40916
40925
40933
40942
40950
40959
40967
40976
40984
40993
41001
41010
41018
41027
41035
41044
41052
41061
41069
41078
41086
41095
41103
41112
41120
41129
41137
41146
41154
41163
41171
41180
41188
41197
41204
41212
41221
41229
41238
41246
41255
41263
41272
41280
41289
41297
41306
41313
41321
41331
41341
41351
41361
41371
41381
41391
41401
41410
41418
41427
41434
41442
41451
41459
41469
41478
41486
41495
41503
41512
41520
41529
41536
41543
41551
41561
41571
41581
41591
41600
41608
41616
41621
41628
41635
41642
41649
41656
41663
41670
41677
41684
41691
41698
41705
41712
41719
41727
41736
41743
41751
41761
41770
41778
41788
41797
41805
41815
41824
41832
41842
41851
41859
41868
41876
41885
41893
41902
41910
41919
41927
41936
41944
41953
41961
41970
41978
41987
41995
42004
42012
42021
42028
42036
42045
42053
42062
42069
42077
42087
42096
42104
42113
42120
42128
42138
42147
42155
42165
42174
42182
42191
42198
42206
42215
42222
42229
42236
42244
42253
42261
42270
42278
42287
42294
42302
42311
42318
42326
42335
42343
42352
42359
42366
42374
42383
42390
42397
42403
42408
42415
42422
42429
42437
42447
42457
42467
42477
42486
42493
42501
42510
42518
42527
42535
42545
42554
42561
42569
42579
42588
42596
42606
42615
42623
42632
42639
42647
42657
42667
42676
42683
42691
42700
42707
42715
42726
42737
42744
42751
42758
42766
42776
42785
42792
42799
42806
42814
42823
42830
42837
42844
42851
42857
42863
42871
42875
42881
42890
42897
42903
42908
42915
42923
42931
42936
42942
42946
42951
42957
42961
42965
27773
27784
27797
27810
27823
27835
27846
27859
27872
27885
27898
27911
27923
27934
27947
27960
27973
27985
27995
28005
28014
28021
28029
28038
28044
28050
28059
28067
28076
28084
28093
28100
28107
28114
28122
28133
28144
28152
28161
28169
28177
28181
28186
28193
59256
59264
59274
59284
59293
59301
59311
59320
59328
59337
59345
59354
59362
59371
59379
59388
59396
59405
59413
59422
59430
59439
59447
59456
59464
59473
59481
59490
59498
59507
59515
59524
59532
59541
59549
59558
59566
59575
59583
59592
59600
59609
59616
59624
59633
59641
59650
59658
59667
59675
59684
59692
59701
59709
59718
59725
59733
59743
59753
59763
59773
59783
59793
59803
59813
59822
59830
59839
59846
59854
59863
59871
59881
59890
59898
59907
59915
59924
59932
59941
59948
59955
59963
59973
59983
59993
60003
60012
60020
60028
60033
60040
60047
60054
60061
60068
60075
60082
60089
60096
60103
60110
60117
60124
60131
60139
60148
60155
60163
60173
60182
60190
60200
60209
60217
60227
60236
60244
60254
60263
60271
60280
60288
60297
60305
60314
60322
60331
60339
60348
60356
60365
60373
60382
60390
60399
60407
60416
60424
60433
60441
60450
60458
60467
60475
60484
60491
60499
60509
60518
60526
60535
60542
60550
60560
60569
60577
60587
60596
60604
60613
60621
60630
60638
60647
60654
60661
60669
60678
60686
60695
60703
60712
60720
60729
60736
60744
60753
60760
60768
60777
60785
60794
60801
60808
60816
60825
60832
60839
60845
60850
60857
60864
60871
60878
60886
60896
60906
60916
60925
60933
60942
60950
60959
60966
60974
60983
60990
60998
61008
61018
61027
61036
61048
61057
61065
61075
61084
61092
61101
61108
61116
61126
61136
61145
61152
61160
61170
61180
61189
61196
61203
61210
61217
61224
61231
61238
61245
61253
61262
61270
61278
61283
61291
61300
61307
61314
61322
61330
61336
61344
61349
61355
61359
61364
61370
61376
61385
61392
61398
61402
61407
61413
61417
61422
61428
45503
45511
45521
45531
45540
45548
45558
45567
45575
45584
45592
45601
45609
45618
45626
45635
45643
45652
45660
45669
45677
45686
45694
45703
45711
45720
45728
45737
45745
45754
45762
45771
45779
45788
45796
45805
45813
45822
45830
45839
45847
45856
45863
45871
45880
45888
45897
45905
45914
45922
45931
45939
45948
45956
45965
45972
45980
45990
46000
46010
46020
46030
46040
46050
46060
46069
46077
46086
46093
46101
46110
46118
46128
46137
46145
46154
46162
46171
46179
46188
46195
46202
46210
46220
46230
46240
46250
46259
46267
46275
46280
46287
46294
46301
46308
46315
46322
46329
46336
46343
46350
46357
46364
46371
46378
46386
46395
46402
46410
46420
46429
46437
46447
46456
46464
46474
46483
46491
46501
46510
46518
46527
46535
46544
46552
46561
46569
46578
46586
46595
46603
46612
46620
46629
46637
46646
46654
46663
46671
46680
46688
46697
46705
46714
46722
46731
46738
46746
46756
46765
46773
46782
46789
46797
46807
46816
46824
46834
46843
46851
46860
46868
46877
46885
46894
46901
46908
46916
46925
46933
46942
46950
46959
46967
46976
46983
46991
47000
47007
47015
47024
47032
47041
47048
47055
47063
47072
47079
47086
47092
47097
47104
47111
47118
47125
47133
47143
47153
47163
47172
47180
47189
47197
47206
47213
47221
47230
47237
47245
47255
47265
47274
47283
47295
47304
47312
47322
47331
47339
47348
47355
47363
47373
47383
47392
47399
47407
47417
47427
47436
47443
47450
47457
47464
47471
47478
47485
47492
47500
47509
47517
47525
47530
47538
47547
47554
47561
47569
47577
47583
47591
47596
47602
47606
47611
47617
47623
47632
47639
47645
47649
47654
47660
47664
47669
47675
40507
40515
40525
40536
40547
40556
40567
40575
40585
40595
40605
40616
40627
40636
40647
40655
40665
40674
40682
40691
40698
40705
40712
40719
40726
40734
40743
40751
40760
40767
40774
40782
40790
40796
40806
40815
40821
40826
40832
40837
30104
30112
30122
30132
30142
30152
30162
30171
30179
30188
30196
30205
30213
30222
30230
30239
30247
30256
30264
30273
30281
30290
30298
30307
30315
30324
30332
30341
30349
30358
30366
30375
30383
30392
30400
30409
30417
30426
30434
30443
30451
30461
30470
30479
30490
30499
30510
30519
30530
30539
30550
30559
30570
30579
30590
30599
30612
30625
30638
30651
30664
30677
30690
30703
30716
30727
30735
30744
30751
30759
30768
30776
30786
30795
30803
30813
30823
30833
30844
30855
30862
30869
30878
30891
30904
30917
30930
30941
30950
30960
30965
30972
30979
30986
30993
31000
31007
31014
31021
31028
31035
31042
31049
31056
31063
31071
31080
31087
31095
31105
31114
31122
31132
31141
31149
31159
31168
31176
31186
31195
31203
31212
31220
31229
31237
31246
31254
31263
31271
31280
31288
31297
31305
31314
31322
31331
31339
31348
31356
31365
31373
31382
31390
31399
31407
31416
31423
31431
31441
31450
31458
31467
31474
31482
31492
31501
31509
31519
31528
31536
31545
31553
31562
31570
31579
31586
31593
31601
31610
31618
31627
31635
31644
31652
31661
31668
31676
31685
31692
31700
31709
31717
31726
31733
31740
31748
31757
31764
31771
31777
31782
31789
31796
31803
31810
31818
31828
31838
31848
31857
31865
31874
31882
31891
31898
31906
31915
31922
31930
31940
31950
31959
31968
31980
31989
31997
32007
32016
32024
32033
32040
32048
32058
32068
32077
32084
32092
32102
32112
32121
32128
32135
32142
32149
32156
32163
32170
32177
32185
32194
32202
32210
32215
32223
32232
32239
32246
32254
32262
32268
32276
32281
32287
32291
32296
32302
32308
32317
32324
32330
32334
32339
32345
32349
32354
32360
26607
26618
26631
26644
26657
26669
26680
26693
26706
26719
26732
26745
26757
26768
26781
26794
26807
26819
26829
26839
26848
26855
26863
26872
26878
26884
26893
26901
26910
26918
26927
26934
26941
26948
26956
26967
26978
26986
26995
27003
27011
27015
27020
27027
54692
54700
54710
54720
54729
54737
54747
54756
54764
54773
54781
54790
54798
54807
54815
54824
54832
54841
54849
54858
54866
54875
54883
54892
54900
54909
54917
54926
54934
54943
54951
54960
54968
54977
54985
54994
55002
55011
55019
55028
55036
55045
55052
55060
55069
55077
55086
55094
55103
55111
55120
55128
55137
55145
55154
55161
55169
55179
55189
55199
55209
55219
55229
55239
55249
55258
55266
55275
55282
55290
55299
55307
55317
55326
55334
55343
55351
55360
55368
55377
55384
55391
55399
55409
55419
55429
55439
55449
55457
55462
55469
55476
55483
55490
55497
55504
55511
55518
55525
55532
55539
55546
55553
55560
55567
55575
55584
55591
55599
55609
55618
55625
55633
55642
55650
55660
55669
55677
55687
55696
55704
55713
55721
55730
55738
55747
55755
55764
55772
55781
55789
55798
55806
55815
55823
55832
55840
55849
55857
55866
55874
55883
55891
55900
55908
55917
55925
55935
55944
55952
55961
55969
55978
55985
55993
56003
56012
56020
56030
56039
56047
56056
56064
56073
56081
56090
56098
56107
56115
56124
56132
56141
56149
56158
56165
56173
56182
56189
56197
56206
56213
56220
56228
56237
56244
56251
56257
56263
56273
56282
56289
56296
56303
56310
56317
56324
56332
56342
56352
56361
56368
56376
56386
56395
56403
56413
56422
56430
56439
56447
56456
56464
56473
56481
56490
56499
56511
56520
56528
56538
56547
56555
56564
56572
56581
56588
56595
56602
56610
56619
56627
56636
56643
56650
56658
56667
56674
56682
56691
56698
56706
56715
56722
56729
56737
56745
56751
56760
56767
56774
56782
56792
56802
56810
56814
56818
56822
56828
56837
56844
56851
56857
56863
56873
56882
56889
56895
56899
56903
56907
56911
56915
24557
24567
24577
24587
24597
24608
24620
24630
24640
24650
24660
24670
24680
24690
24700
24710
24720
24730
24740
24749
24756
24763
24770
24777
24784
24791
24798
24805
24812
24819
24827
24837
24846
24852
24857
24864
24872
24882
24891
24898
24905
24912
24920
24930
24939
24946
25441
25452
25465
25478
25491
25503
25514
25527
25540
25553
25566
25579
25591
25602
25615
25628
25641
25653
25663
25673
25682
25689
25697
25706
25712
25718
25727
25735
25744
25752
25761
25768
25775
25782
25790
25801
25812
25820
25829
25837
25845
25849
25854
25861
29527
29538
29551
29564
29577
29590
29603
29616
29629
29642
29655
29668
29681
29694
29707
29720
29733
29746
29759
29771
29781
29790
29797
29804
29811
29818
29825
29832
29839
29846
29853
29860
29867
29874
29881
29888
29895
29903
29911
29916
29924
29933
29939
33781
33789
33799
33808
33816
33825
33833
33842
33850
33859
33867
33876
33884
33894
33903
33911
33921
33931
33941
33951
33961
33971
33981
33991
34000
34007
34015
34025
34035
34045
34054
34062
34073
34084
34093
34104
34113
34124
34133
34144
34153
34164
34173
34184
34193
34204
34213
34224
34233
34244
34253
34264
34273
34284
34293
34304
34313
34324
34333
34344
34353
34364
34373
34384
34393
34404
34411
34419
34428
34436
34445
34452
34460
34470
34480
34490
34500
34510
34520
34529
34536
34544
34554
34563
34570
34577
34584
34591
34598
34605
34612
34619
34626
34633
34640
34647
34654
34661
34668
34675
34682
34689
34697
34707
34717
34726
34734
34743
34751
34760
34767
34775
34785
34795
34804
34812
34821
34829
34839
34848
34856
34866
34875
34882
34890
34900
34909
34917
34926
34934
34943
34951
34960
34967
34975
34984
34991
34999
35009
35018
35026
35035
35043
35052
35060
35069
35077
35086
35094
35103
35111
35120
35128
35137
35145
35154
35162
35171
35179
35188
35196
35205
35213
35222
35230
35239
35246
35254
35263
35270
35277
35284
35291
35298
35305
35312
35319
35326
35334
35343
35350
35358
35368
35377
35384
35391
35399
35408
35416
35426
35436
35445
35453
35462
35470
35480
35490
35499
35506
35513
35521
35530
35537
35545
35555
35564
35571
35578
35585
35593
35601
35607
35616
35623
35630
35638
35648
35657
35665
35674
35682
35691
35698
35706
35716
35726
35735
35742
35750
35759
35767
35776
35783
35789
35795
35805
35814
35822
35831
35839
35847
35851
35857
35866
35873
35881
35890
35896
35902
35910
35916
35924
35928
35933
35941
35950
35957
35963
35967
35971
35975
35979
24955
24968
24981
24994
25007
25020
25033
25046
25059
25072
25085
25098
25109
25117
25127
25137
25147
25157
25167
25176
25182
25186
25190
25194
25198
25202
25206
25210
25214
25218
25222
25226
25231
25238
25245
25252
25259
25266
25273
61433
61441
61451
61460
61468
61477
61485
61494
61502
61511
61519
61528
61536
61546
61555
61563
61573
61583
61593
61603
61613
61623
61633
61643
61652
61660
61670
61680
61690
61701
61712
61721
61732
61741
61752
61761
61772
61781
61792
61801
61812
61821
61832
61841
61852
61861
61872
61881
61892
61901
61912
61921
61932
61941
61952
61961
61972
61981
61992
62001
62012
62021
62032
62040
62049
62057
62066
62073
62081
62089
62095
62104
62112
62121
62128
62136
62146
62156
62166
62176
62186
62196
62206
62215
62222
62229
62237
62246
62253
62260
62267
62274
62281
62288
62295
62302
62309
62316
62323
62330
62337
62344
62351
62359
62369
62378
62386
62395
62403
62412
62419
62427
62436
62444
62454
62464
62474
62484
62494
62504
62513
62521
62530
62537
62545
62554
62561
62569
62579
62588
62595
62602
62610
62619
62626
62633
62641
62650
62658
62667
62675
62684
62692
62701
62709
62718
62726
62735
62742
62750
62759
62767
62776
62783
62791
62800
62808
62817
62825
62834
62842
62851
62858
62865
62873
62882
62889
62897
62906
62913
62920
62928
62937
62944
62952
62961
62968
62975
62982
62989
62997
63006
63013
63020
63027
63034
63041
63048
63055
63063
63072
63080
63090
63099
63106
63114
63125
63136
63144
63153
63160
63167
63176
63187
63194
63202
63211
63218
63226
63235
63242
63249
63256
63263
63272
63283
63291
63300
63307
63314
63322
63332
63342
63350
63354
63360
63370
63379
63386
63392
63397
63404
63410
63415
63421
63425
63429
63433
63438
63444
65912
65920
65930
65939
65947
65956
65964
65973
65981
65990
65998
66007
66015
66025
66034
66042
66052
66062
66072
66082
66092
66102
66112
66122
66131
66138
66146
66156
66166
66176
66185
66193
66204
66215
66224
66235
66244
66255
66264
66275
66284
66295
66304
66315
66324
66335
66344
66355
66364
66375
66384
66395
66404
66415
66424
66435
66444
66455
66464
66475
66484
66495
66504
66515
66524
66535
66542
66550
66559
66567
66576
66583
66591
66601
66611
66621
66631
66641
66651
66660
66667
66675
66685
66694
66701
66708
66715
66722
66729
66736
66743
66750
66757
66764
66771
66778
66785
66792
66799
66806
66813
66820
66828
66838
66848
66857
66865
66874
66882
66891
66898
66906
66916
66926
66935
66943
66952
66960
66970
66979
66987
66997
67006
67013
67021
67031
67040
67048
67057
67065
67074
67082
67091
67098
67106
67115
67122
67130
67140
67149
67157
67166
67174
67183
67191
67200
67208
67217
67225
67234
67242
67251
67259
67268
67276
67285
67293
67302
67310
67319
67327
67336
67344
67353
67361
67370
67377
67385
67394
67401
67408
67415
67422
67429
67436
67443
67450
67457
67465
67474
67481
67489
67499
67508
67515
67522
67530
67539
67547
67557
67567
67576
67584
67593
67601
67611
67621
67630
67637
67644
67652
67661
67668
67676
67686
67695
67702
67709
67716
67724
67732
67738
67747
67754
67761
67769
67779
67788
67796
67805
67813
67822
67829
67837
67847
67857
67866
67873
67881
67890
67898
67907
67914
67920
67926
67936
67945
67953
67962
67970
67978
67982
67988
67997
68004
68012
68021
68027
68033
68041
68047
68055
68059
68064
68072
68081
68088
68094
68098
68102
68106
68110
25281
25292
25305
25318
25331
25344
25357
25370
25381
25388
25395
25402
25409
25416
25424
25433
28201
28212
28225
28238
28251
28264
28277
28290
28301
28308
28315
28322
28329
28336
28344
28353
29367
29378
29391
29404
29417
29430
29443
29456
29467
29474
29481
29488
29495
29502
29510
29519
54363
54373
54383
54393
54403
54413
54423
54433
54443
54453
54463
54473
54483
54493
54503
54513
54523
54533
54543
54552
54559
54566
54573
54580
54587
54594
54601
54608
54615
54622
54629
54636
54643
54650
54657
54664
54671
54678
54685
63449
63457
63467
63478
63489
63498
63509
63517
63527
63537
63547
63558
63569
63578
63589
63597
63607
63616
63624
63633
63640
63647
63654
63661
63668
63676
63685
63693
63702
63709
63716
63724
63732
63738
63748
63757
63763
63768
63774
63779
26447
26458
26471
26484
26497
26510
26523
26536
26547
26554
26561
26568
26575
26582
26590
26599
50033
50041
50051
50061
50070
50078
50088
50097
50105
50114
50122
50131
50139
50148
50156
50165
50173
50182
50190
50199
50207
50216
50224
50233
50241
50250
50258
50267
50275
50284
50292
50301
50309
50318
50326
50335
50343
50352
50360
50369
50377
50386
50393
50401
50410
50418
50427
50435
50444
50452
50461
50469
50478
50486
50495
50502
50510
50520
50530
50540
50550
50560
50570
50580
50590
50599
50607
50616
50623
50631
50640
50648
50658
50667
50675
50684
50692
50701
50709
50718
50725
50732
50740
50750
50760
50770
50780
50789
50797
50805
50810
50817
50824
50831
50838
50845
50852
50859
50866
50873
50880
50887
50894
50901
50908
50916
50925
50932
50940
50950
50959
50967
50977
50986
50994
51004
51013
51021
51031
51040
51048
51057
51065
51074
51082
51091
51099
51108
51116
51125
51133
51142
51150
51159
51167
51176
51184
51193
51201
51210
51217
51225
51234
51242
51251
51258
51266
51276
51285
51293
51302
51309
51317
51327
51336
51344
51354
51363
51371
51380
51387
51395
51404
51411
51418
51425
51433
51442
51450
51459
51467
51476
51483
51491
51500
51507
51515
51524
51532
51541
51548
51555
51563
51572
51579
51586
51592
51597
51604
51611
51618
51626
51636
51646
51656
51666
51675
51682
51690
51699
51707
51716
51724
51734
51743
51750
51758
51768
51777
51785
51795
51804
51812
51821
51828
51836
51846
51856
51865
51872
51880
51889
51896
51904
51915
51926
51933
51940
51947
51955
51965
51974
51981
51988
51995
52003
52012
52019
52026
52033
52040
52046
52052
52060
52064
52070
52079
52085
52090
52097
52105
52113
52118
52124
52129
52135
52140
52146
52150
52154
47680
47688
47698
47707
47715
47724
47732
47741
47749
47758
47766
47775
47783
47793
47802
47810
47820
47830
47840
47850
47860
47870
47880
47890
47899
47907
47917
47927
47937
47948
47959
47968
47979
47988
47999
48008
48019
48028
48039
48048
48059
48068
48079
48088
48099
48108
48119
48128
48139
48148
48159
48168
48179
48188
48199
48208
48219
48228
48239
48248
48259
48268
48279
48287
48296
48304
48313
48320
48328
48336
48342
48351
48359
48368
48375
48383
48393
48403
48413
48423
48433
48443
48453
48462
48469
48476
48484
48493
48500
48507
48514
48521
48528
48535
48542
48549
48556
48563
48570
48577
48584
48591
48598
48606
48616
48625
48633
48642
48650
48659
48666
48674
48683
48691
48701
48711
48721
48731
48741
48751
48760
48768
48777
48784
48792
48801
48808
48816
48826
48835
48842
48849
48857
48866
48873
48880
48888
48897
48905
48914
48922
48931
48939
48948
48956
48965
48973
48982
48989
48997
49006
49014
49023
49030
49038
49047
49055
49064
49072
49081
49089
49098
49105
49112
49120
49129
49136
49144
49153
49160
49167
49175
49184
49191
49199
49208
49215
49222
49229
49236
49244
49253
49260
49267
49274
49281
49288
49295
49302
49310
49319
49327
49337
49346
49353
49361
49372
49383
49391
49400
49407
49414
49423
49434
49441
49449
49458
49465
49473
49482
49489
49496
49503
49510
49519
49530
49538
49547
49554
49561
49569
49579
49589
49597
49601
49607
49617
49626
49633
49639
49644
49651
49657
49662
49668
49672
49676
49680
49685
49691
29945
29956
29969
29982
29995
30008
30021
30034
30045
30052
30059
30066
30073
30080
30088
30097
49696
49704
49714
49725
49736
49745
49756
49764
49774
49784
49794
49805
49816
49825
49836
49844
49854
49863
49871
49880
49887
49894
49901
49908
49915
49923
49932
49940
49949
49956
49963
49971
49979
49985
49995
50004
50010
50015
50021
50026
35985
35995
36005
36015
36025
36035
36045
36055
36065
36075
36085
36095
36105
36115
36125
36135
36145
36155
36165
36174
36181
36188
36195
36202
36209
36216
36223
36230
36237
36244
36251
36258
36265
36272
36279
36286
36293
36300
36307
27035
27046
27059
27072
27085
27098
27111
27124
27135
27142
27149
27156
27163
27170
27178
27187
28789
28800
28813
28826
28839
28852
28865
28878
28889
28896
28903
28910
28917
28924
28932
28941
33487
33498
33506
33517
33530
33543
33556
33569
33582
33593
33600
33607
33614
33621
33628
33636
32527
32538
32546
32557
32570
32583
32596
32609
32622
32633
32640
32647
32654
32661
32668
32676
26029
26040
26053
26066
26079
26092
26105
26118
26131
26144
26157
26170
26183
26196
26209
26222
26235
26248
26261
26273
26283
26292
26299
26306
26313
26320
26327
26334
26341
26348
26355
26362
26369
26376
26383
26390
26397
26405
26413
26418
26426
26435
26441
33646
33655
33663
33674
33687
33700
33713
33726
33739
33749
33753
33757
33761
33765
33769
33774
27195
27206
27219
27232
27245
27258
27271
27284
27297
27310
27323
27336
27349
27362
27375
27388
27401
27414
27427
27439
27449
27458
27465
27472
27479
27486
27493
27500
27507
27514
27521
27528
27535
27542
27549
27556
27563
27571
27579
27584
27592
27601
27607
23817
23827
23837
23847
23857
23867
23878
23890
23900
23910
23920
23930
23940
23950
23960
23970
23980
23990
24000
24010
24019
24026
24033
24040
24047
24054
24061
24068
24075
24082
24090
24100
24109
24115
24121
24130
24137
24144
24152
24162
24171
24178
24185
24192
24200
24209
68445
68453
68463
68473
68482
68490
68500
68509
68517
68526
68534
68543
68551
68560
68568
68577
68585
68594
68602
68611
68619
68628
68636
68645
68653
68662
68670
68679
68687
68696
68704
68713
68721
68730
68738
68747
68755
68764
68772
68781
68789
68798
68805
68813
68822
68830
68839
68847
68856
68864
68873
68881
68890
68898
68907
68914
68922
68932
68942
68952
68962
68972
68982
68992
69002
69011
69019
69028
69035
69043
69052
69060
69070
69079
69087
69096
69104
69113
69121
69130
69137
69144
69152
69162
69172
69182
69192
69202
69210
69215
69222
69229
69236
69243
69250
69257
69264
69271
69278
69285
69292
69299
69306
69313
69320
69328
69337
69344
69352
69362
69371
69378
69386
69395
69403
69413
69422
69430
69440
69449
69457
69466
69474
69483
69491
69500
69508
69517
69525
69534
69542
69551
69559
69568
69576
69585
69593
69602
69610
69619
69627
69636
69644
69653
69661
69670
69678
69688
69697
69705
69714
69722
69731
69738
69746
69756
69765
69773
69783
69792
69800
69809
69817
69826
69834
69843
69851
69860
69868
69877
69885
69894
69902
69911
69918
69926
69935
69942
69950
69959
69966
69973
69981
69990
69997
70004
70010
70016
70026
70035
70042
70049
70056
70063
70070
70077
70085
70095
70105
70114
70121
70129
70139
70148
70156
70166
70175
70183
70192
70200
70209
70217
70226
70234
70243
70252
70264
70273
70281
70291
70300
70308
70317
70325
70334
70341
70348
70355
70363
70372
70380
70389
70396
70403
70411
70420
70427
70435
70444
70451
70459
70468
70475
70482
70490
70498
70504
70513
70520
70527
70535
70545
70555
70563
70567
70571
70575
70581
70590
70597
70604
70610
70616
70626
70635
70642
70648
70652
70656
70660
70664
70668
25869
25880
25893
25906
25919
25932
25945
25958
25969
25976
25983
25990
25997
26004
26012
26021
45174
45184
45194
45204
45214
45224
45234
45244
45254
45264
45274
45284
45294
45304
45314
45324
45334
45344
45354
45363
45370
45377
45384
45391
45398
45405
45412
45419
45426
45433
45440
45447
45454
45461
45468
45475
45482
45489
45496
42970
42978
42988
42997
43005
43014
43022
43031
43039
43048
43056
43065
43073
43083
43092
43100
43110
43120
43130
43140
43150
43160
43170
43180
43189
43196
43204
43214
43224
43234
43243
43251
43262
43273
43282
43293
43302
43313
43322
43333
43342
43353
43362
43373
43382
43393
43402
43413
43422
43433
43442
43453
43462
43473
43482
43493
43502
43513
43522
43533
43542
43553
43562
43573
43582
43593
43600
43608
43617
43625
43634
43641
43649
43659
43669
43679
43689
43699
43709
43718
43725
43733
43743
43752
43759
43766
43773
43780
43787
43794
43801
43808
43815
43822
43829
43836
43843
43850
43857
43864
43871
43878
43886
43896
43906
43915
43923
43932
43940
43949
43956
43964
43974
43984
43993
44001
44010
44018
44028
44037
44045
44055
44064
44071
44079
44089
44098
44106
44115
44123
44132
44140
44149
44156
44164
44173
44180
44188
44198
44207
44215
44224
44232
44241
44249
44258
44266
44275
44283
44292
44300
44309
44317
44326
44334
44343
44351
44360
44368
44377
44385
44394
44402
44411
44419
44428
44435
44443
44452
44459
44466
44473
44480
44487
44494
44501
44508
44515
44523
44532
44539
44547
44557
44566
44573
44580
44588
44597
44605
44615
44625
44634
44642
44651
44659
44669
44679
44688
44695
44702
44710
44719
44726
44734
44744
44753
44760
44767
44774
44782
44790
44796
44805
44812
44819
44827
44837
44846
44854
44863
44871
44880
44887
44895
44905
44915
44924
44931
44939
44948
44956
44965
44972
44978
44984
44994
45003
45011
45020
45028
45036
45040
45046
45055
45062
45070
45079
45085
45091
45099
45105
45113
45117
45122
45130
45139
45146
45152
45156
45160
45164
45168
68116
68126
68136
68146
68156
68166
68176
68186
68196
68206
68216
68226
68236
68246
68256
68266
68276
68286
68296
68305
68312
68319
68326
68333
68340
68347
68354
68361
68368
68375
68382
68389
68396
68403
68410
68417
68424
68431
68438
32847
32858
32866
32877
32890
32903
32916
32929
32942
32953
32960
32967
32974
32981
32988
32996
24217
24226
24233
24241
24251
24261
24271
24281
24291
24301
24311
24321
24331
24341
24351
24361
24371
24381
24391
24401
24411
24421
24430
24437
24444
24451
24458
24465
24472
24479
24486
24493
24500
24507
24514
24521
24528
24535
24542
24549
33007
33018
33026
33037
33050
33063
33076
33089
33102
33113
33120
33127
33134
33141
33148
33156
58919
58927
58937
58948
58959
58968
58979
58987
58997
59007
59017
59028
59039
59048
59059
59067
59077
59086
59094
59103
59110
59117
59124
59131
59138
59146
59155
59163
59172
59179
59186
59194
59202
59208
59218
59227
59233
59238
59244
59249
28949
28960
28973
28986
28999
29012
29025
29038
29051
29064
29077
29090
29103
29116
29129
29142
29155
29168
29181
29193
29203
29212
29219
29226
29233
29240
29247
29254
29261
29268
29275
29282
29289
29296
29303
29310
29317
29325
29333
29338
29346
29355
29361
32367
32378
32386
32397
32410
32423
32436
32449
32462
32473
32480
32487
32494
32501
32508
32516
52159
52167
52177
52186
52194
52203
52211
52220
52228
52237
52245
52254
52262
52272
52281
52289
52299
52309
52319
52329
52339
52349
52359
52369
52378
52385
52393
52403
52413
52423
52432
52440
52451
52462
52471
52482
52491
52502
52511
52522
52531
52542
52551
52562
52571
52582
52591
52602
52611
52622
52631
52642
52651
52662
52671
52682
52691
52702
52711
52722
52731
52742
52751
52762
52771
52782
52789
52797
52806
52814
52823
52830
52838
52848
52858
52868
52878
52888
52898
52907
52914
52922
52932
52941
52948
52955
52962
52969
52976
52983
52990
52997
53004
53011
53018
53025
53032
53039
53046
53053
53060
53067
53075
53085
53095
53104
53112
53121
53129
53138
53145
53153
53163
53173
53182
53190
53199
53207
53217
53226
53234
53244
53253
53260
53268
53278
53287
53295
53304
53312
53321
53329
53338
53345
53353
53362
53369
53377
53387
53396
53404
53413
53421
53430
53438
53447
53455
53464
53472
53481
53489
53498
53506
53515
53523
53532
53540
53549
53557
53566
53574
53583
53591
53600
53608
53617
53624
53632
53641
53648
53655
53662
53669
53676
53683
53690
53697
53704
53712
53721
53728
53736
53746
53755
53762
53769
53777
53786
53794
53804
53814
53823
53831
53840
53848
53858
53868
53877
53884
53891
53899
53908
53915
53923
53933
53942
53949
53956
53963
53971
53979
53985
53994
54001
54008
54016
54026
54035
54043
54052
54060
54069
54076
54084
54094
54104
54113
54120
54128
54137
54145
54154
54161
54167
54173
54183
54192
54200
54209
54217
54225
54229
54235
54244
54251
54259
54268
54274
54280
54288
54294
54302
54306
54311
54319
54328
54335
54341
54345
54349
54353
54357
38491
38499
38509
38518
38526
38535
38543
38552
38560
38569
38577
38586
38594
38604
38613
38621
38631
38641
38651
38661
38671
38681
38691
38701
38710
38718
38728
38738
38748
38759
38770
38779
38790
38799
38810
38819
38830
38839
38850
38859
38870
38879
38890
38899
38910
38919
38930
38939
38950
38959
38970
38979
38990
38999
39010
39019
39030
39039
39050
39059
39070
39079
39090
39098
39107
39115
39124
39131
39139
39147
39153
39162
39170
39179
39186
39194
39204
39214
39224
39234
39244
39254
39264
39273
39280
39287
39295
39304
39311
39318
39325
39332
39339
39346
39353
39360
39367
39374
39381
39388
39395
39402
39409
39417
39427
39436
39444
39453
39461
39470
39477
39485
39494
39502
39512
39522
39532
39542
39552
39562
39571
39579
39588
39595
39603
39612
39619
39627
39637
39646
39653
39660
39668
39677
39684
39691
39699
39708
39716
39725
39733
39742
39750
39759
39767
39776
39784
39793
39800
39808
39817
39825
39834
39841
39849
39858
39866
39875
39883
39892
39900
39909
39916
39923
39931
39940
39947
39955
39964
39971
39978
39986
39995
40002
40010
40019
40026
40033
40040
40047
40055
40064
40071
40078
40085
40092
40099
40106
40113
40121
40130
40138
40148
40157
40164
40172
40183
40194
40202
40211
40218
40225
40234
40245
40252
40260
40269
40276
40284
40293
40300
40307
40314
40321
40330
40341
40349
40358
40365
40372
40380
40390
40400
40408
40412
40418
40428
40437
40444
40450
40455
40462
40468
40473
40479
40483
40487
40491
40496
40502
32687
32698
32706
32717
32730
32743
32756
32769
32782
32793
32800
32807
32814
32821
32828
32836
56920
56928
56938
56947
56955
56964
56972
56981
56989
56998
57006
57015
57023
57033
57042
57050
57060
57070
57080
57090
57100
57110
57120
57130
57139
57147
57157
57167
57177
57188
57199
57208
57219
57228
57239
57248
57259
57268
57279
57288
57299
57308
57319
57328
57339
57348
57359
57368
57379
57388
57399
57408
57419
57428
57439
57448
57459
57468
57479
57488
57499
57508
57519
57527
57536
57544
57553
57560
57568
57576
57582
57591
57599
57608
57615
57623
57633
57643
57653
57663
57673
57683
57693
57702
57709
57716
57724
57733
57740
57747
57754
57761
57768
57775
57782
57789
57796
57803
57810
57817
57824
57831
57838
57846
57856
57865
57873
57882
57890
57899
57906
57914
57923
57931
57941
57951
57961
57971
57981
57991
58000
58008
58017
58024
58032
58041
58048
58056
58066
58075
58082
58089
58097
58106
58113
58120
58128
58137
58145
58154
58162
58171
58179
58188
58196
58205
58213
58222
58229
58237
58246
58253
58261
58270
58277
58285
58294
58302
58311
58319
58328
58335
58342
58350
58359
58366
58374
58383
58390
58397
58405
58414
58421
58429
58438
58445
58452
58459
58466
58473
58481
58490
58497
58504
58511
58518
58525
58532
58540
58549
58557
58567
58576
58583
58591
58601
58610
58618
58627
58634
58641
58649
58659
58668
58676
58686
58695
58702
58710
58719
58726
58734
58743
58750
58757
58764
58772
58781
58788
58795
58803
58813
58823
58833
58841
58846
58853
58860
58867
58874
58881
58887
58891
58895
58899
58903
58908
58914
36314
36322
36332
36342
36351
36359
36369
36378
36386
36395
36403
36412
36420
36429
36437
36446
36454
36463
36471
36480
36488
36497
36505
36514
36522
36531
36539
36548
36556
36565
36573
36582
36590
36599
36607
36616
36624
36633
36641
36650
36658
36667
36674
36682
36691
36699
36708
36716
36725
36733
36742
36750
36759
36767
36776
36783
36791
36801
36811
36821
36831
36841
36851
36861
36871
36880
36888
36897
36904
36912
36921
36929
36939
36948
36956
36965
36973
36982
36990
36999
37006
37013
37021
37031
37041
37051
37061
37070
37078
37086
37091
37098
37105
37112
37119
37126
37133
37140
37147
37154
37161
37168
37175
37182
37189
37197
37206
37213
37221
37231
37240
37248
37258
37267
37275
37285
37294
37302
37312
37321
37329
37338
37346
37355
37363
37372
37380
37389
37397
37406
37414
37423
37431
37440
37448
37457
37465
37474
37482
37491
37499
37508
37516
37525
37533
37542
37549
37557
37567
37576
37584
37593
37600
37608
37618
37627
37635
37645
37654
37662
37671
37679
37688
37696
37705
37712
37719
37727
37736
37744
37753
37761
37770
37778
37787
37794
37802
37811
37818
37826
37835
37843
37852
37859
37866
37874
37883
37890
37897
37903
37908
37915
37922
37929
37936
37944
37954
37964
37974
37983
37991
38000
38008
38017
38024
38032
38041
38048
38056
38066
38076
38085
38094
38106
38115
38123
38133
38142
38150
38159
38166
38174
38184
38194
38203
38210
38218
38228
38238
38247
38254
38261
38268
38275
38282
38289
38296
38303
38311
38320
38328
38336
38341
38349
38358
38365
38372
38380
38388
38394
38402
38407
38413
38417
38422
38428
38434
38443
38450
38456
38460
38465
38471
38475
38480
38486
)
;
    flipMap         List<bool> 5818{0};
}
)

// ************************************************************************* //
