/*--------------------------------*- C++ -*----------------------------------*\
| =========                 |                                                 |
| \\      /  F ield         | OpenFOAM: The Open Source CFD Toolbox           |
|  \\    /   O peration     | Version:  2512                                  |
|   \\  /    A nd           | Website:  www.openfoam.com                      |
|    \\/     M anipulation  |                                                 |
\*---------------------------------------------------------------------------*/
FoamFile
{
    version     2.0;
    format      ascii;
    arch        "LSB;label=32;scalar=64";
    class       volScalarField;
    location    "80";
    object      p;
}
// * * * * * * * * * * * * * * * * * * * * * * * * * * * * * * * * * * * * * //

dimensions      [0 2 -2 0 0 0 0];

internalField   nonuniform List<scalar> 
480
(
0.0001165576
9.608928e-05
7.96292e-05
6.944132e-05
6.174402e-05
5.512215e-05
4.959282e-05
4.510057e-05
4.142146e-05
3.835857e-05
3.577434e-05
3.356206e-05
3.163349e-05
2.991787e-05
2.836051e-05
2.691989e-05
2.556497e-05
2.427291e-05
2.302716e-05
2.181593e-05
2.063096e-05
1.946655e-05
1.83188e-05
1.718511e-05
1.606376e-05
1.495361e-05
1.385393e-05
1.276426e-05
1.168428e-05
1.061378e-05
9.552607e-06
8.500646e-06
7.457813e-06
6.42405e-06
5.399357e-06
4.383866e-06
3.377637e-06
2.379253e-06
1.387212e-06
4.298186e-07
7.059778e-05
6.742151e-05
6.350365e-05
5.983794e-05
5.610939e-05
5.225792e-05
4.854792e-05
4.515849e-05
4.211671e-05
3.939471e-05
3.695846e-05
3.477126e-05
3.279389e-05
3.098884e-05
2.932333e-05
2.776994e-05
2.630621e-05
2.491402e-05
2.357898e-05
2.228989e-05
2.103806e-05
1.981689e-05
1.862131e-05
1.744752e-05
1.629262e-05
1.515442e-05
1.403124e-05
1.292181e-05
1.182513e-05
1.074041e-05
9.666997e-06
8.60435e-06
7.551986e-06
6.509459e-06
5.476318e-06
4.452093e-06
3.436182e-06
2.426859e-06
1.420764e-06
4.235789e-07
6.189838e-05
6.169431e-05
6.016611e-05
5.77085e-05
5.494225e-05
5.2086e-05
4.920809e-05
4.638087e-05
4.366537e-05
4.109516e-05
3.868465e-05
3.643667e-05
3.434544e-05
3.239912e-05
3.058271e-05
2.888022e-05
2.727601e-05
2.575562e-05
2.430616e-05
2.291654e-05
2.157741e-05
2.028102e-05
1.902104e-05
1.779232e-05
1.659068e-05
1.541275e-05
1.42558e-05
1.311761e-05
1.199636e-05
1.089056e-05
9.798928e-06
8.720382e-06
7.653958e-06
6.59878e-06
5.553998e-06
4.518757e-06
3.492181e-06
2.472648e-06
1.458422e-06
4.363823e-07
5.705475e-05
5.678882e-05
5.584225e-05
5.431314e-05
5.247969e-05
5.047273e-05
4.833982e-05
4.613431e-05
4.391274e-05
4.171616e-05
3.957018e-05
3.749133e-05
3.549001e-05
3.357136e-05
3.173625e-05
2.998251e-05
2.830606e-05
2.670158e-05
2.516318e-05
2.368478e-05
2.226041e-05
2.088445e-05
1.95517e-05
1.825747e-05
1.699757e-05
1.576829e-05
1.456637e-05
1.338897e-05
1.22336e-05
1.10981e-05
9.980571e-06
8.879334e-06
7.792888e-06
6.719882e-06
5.659061e-06
4.60925e-06
3.569325e-06
2.538166e-06
1.514572e-06
4.960167e-07
5.417657e-05
5.398151e-05
5.337658e-05
5.235629e-05
5.103433e-05
4.94948e-05
4.77864e-05
4.595353e-05
4.404119e-05
4.208789e-05
4.012367e-05
3.81719e-05
3.625068e-05
3.437321e-05
3.25483e-05
3.078114e-05
2.907409e-05
2.742734e-05
2.583949e-05
2.430798e-05
2.282955e-05
2.140049e-05
2.001695e-05
1.867509e-05
1.73712e-05
1.610176e-05
1.486351e-05
1.365347e-05
1.24689e-05
1.130735e-05
1.016657e-05
9.044565e-06
7.939507e-06
6.849742e-06
5.77373e-06
4.710083e-06
3.657315e-06
2.615083e-06
1.579127e-06
5.846429e-07
5.290098e-05
5.274702e-05
5.225821e-05
5.141217e-05
5.028385e-05
4.893754e-05
4.741502e-05
4.575353e-05
4.399119e-05
4.216331e-05
4.029981e-05
3.842538e-05
3.656002e-05
3.471943e-05
3.29153e-05
3.115574e-05
2.944595e-05
2.778868e-05
2.618474e-05
2.463346e-05
2.313307e-05
2.168108e-05
2.027453e-05
1.891024e-05
1.758494e-05
1.629541e-05
1.503855e-05
1.38114e-05
1.261122e-05
1.143548e-05
1.028184e-05
9.148169e-06
8.032513e-06
6.933083e-06
5.848197e-06
4.776361e-06
3.715803e-06
2.666824e-06
1.621941e-06
6.492399e-07
5.290099e-05
5.274702e-05
5.225821e-05
5.141217e-05
5.028385e-05
4.893754e-05
4.741502e-05
4.575353e-05
4.399118e-05
4.21633e-05
4.029981e-05
3.842538e-05
3.656002e-05
3.471944e-05
3.29153e-05
3.115574e-05
2.944595e-05
2.778868e-05
2.618474e-05
2.463346e-05
2.313307e-05
2.168108e-05
2.027453e-05
1.891024e-05
1.758494e-05
1.629541e-05
1.503855e-05
1.38114e-05
1.261122e-05
1.143548e-05
1.028184e-05
9.148169e-06
8.032513e-06
6.933083e-06
5.848197e-06
4.776362e-06
3.715802e-06
2.666826e-06
1.621942e-06
6.492425e-07
5.417657e-05
5.398151e-05
5.337658e-05
5.235629e-05
5.103433e-05
4.94948e-05
4.77864e-05
4.595353e-05
4.404119e-05
4.208788e-05
4.012366e-05
3.81719e-05
3.625068e-05
3.437322e-05
3.254831e-05
3.078114e-05
2.907408e-05
2.742733e-05
2.583949e-05
2.430799e-05
2.282955e-05
2.140049e-05
2.001695e-05
1.867509e-05
1.737119e-05
1.610176e-05
1.486351e-05
1.365347e-05
1.24689e-05
1.130735e-05
1.016657e-05
9.044565e-06
7.939507e-06
6.849742e-06
5.77373e-06
4.710086e-06
3.657312e-06
2.615087e-06
1.579131e-06
5.846502e-07
5.705475e-05
5.678882e-05
5.584224e-05
5.431314e-05
5.24797e-05
5.047273e-05
4.833981e-05
4.613431e-05
4.391275e-05
4.171616e-05
3.957018e-05
3.749132e-05
3.549001e-05
3.357137e-05
3.173625e-05
2.998251e-05
2.830605e-05
2.670158e-05
2.516318e-05
2.368478e-05
2.226041e-05
2.088445e-05
1.95517e-05
1.825747e-05
1.699757e-05
1.576828e-05
1.456637e-05
1.338897e-05
1.22336e-05
1.10981e-05
9.980571e-06
8.879334e-06
7.792887e-06
6.719882e-06
5.65906e-06
4.609252e-06
3.569324e-06
2.538169e-06
1.514577e-06
4.960264e-07
6.189838e-05
6.16943e-05
6.016611e-05
5.77085e-05
5.494224e-05
5.2086e-05
4.920809e-05
4.638087e-05
4.366537e-05
4.109517e-05
3.868465e-05
3.643666e-05
3.434544e-05
3.239913e-05
3.058272e-05
2.888022e-05
2.727601e-05
2.575562e-05
2.430616e-05
2.291654e-05
2.157741e-05
2.028102e-05
1.902104e-05
1.779232e-05
1.659068e-05
1.541275e-05
1.42558e-05
1.311761e-05
1.199636e-05
1.089056e-05
9.798928e-06
8.720382e-06
7.653958e-06
6.59878e-06
5.553998e-06
4.518757e-06
3.492183e-06
2.472648e-06
1.458427e-06
4.363917e-07
7.059778e-05
6.742151e-05
6.350366e-05
5.983793e-05
5.610939e-05
5.225792e-05
4.854792e-05
4.515848e-05
4.211671e-05
3.939471e-05
3.695846e-05
3.477126e-05
3.279389e-05
3.098885e-05
2.932333e-05
2.776994e-05
2.630621e-05
2.491401e-05
2.357898e-05
2.228989e-05
2.103806e-05
1.981689e-05
1.862131e-05
1.744752e-05
1.629262e-05
1.515442e-05
1.403124e-05
1.292181e-05
1.182513e-05
1.074041e-05
9.666997e-06
8.60435e-06
7.551985e-06
6.509459e-06
5.476318e-06
4.452093e-06
3.436185e-06
2.426858e-06
1.420767e-06
4.235853e-07
0.0001165576
9.608928e-05
7.96292e-05
6.944132e-05
6.174402e-05
5.512215e-05
4.959282e-05
4.510057e-05
4.142146e-05
3.835857e-05
3.577434e-05
3.356206e-05
3.163349e-05
2.991787e-05
2.836051e-05
2.691989e-05
2.556497e-05
2.427291e-05
2.302716e-05
2.181593e-05
2.063096e-05
1.946655e-05
1.83188e-05
1.718511e-05
1.606375e-05
1.495361e-05
1.385393e-05
1.276426e-05
1.168428e-05
1.061378e-05
9.552607e-06
8.500646e-06
7.457813e-06
6.42405e-06
5.399358e-06
4.383866e-06
3.377638e-06
2.379254e-06
1.387213e-06
4.298195e-07
)
;

boundaryField
{
    inlet
    {
        type            zeroGradient;
    }
    side
    {
        type            zeroGradient;
    }
    topAndbottom
    {
        type            empty;
    }
    outlet
    {
        type            fixedValue;
        value           uniform 0;
    }
}


// ************************************************************************* //
