/*--------------------------------*- C++ -*----------------------------------*\
| =========                 |                                                 |
| \\      /  F ield         | OpenFOAM: The Open Source CFD Toolbox           |
|  \\    /   O peration     | Version:  2512                                  |
|   \\  /    A nd           | Website:  www.openfoam.com                      |
|    \\/     M anipulation  |                                                 |
\*---------------------------------------------------------------------------*/
FoamFile
{
    version     2.0;
    format      ascii;
    arch        "LSB;label=32;scalar=64";
    class       surfaceScalarField;
    location    "80";
    object      phi;
}
// * * * * * * * * * * * * * * * * * * * * * * * * * * * * * * * * * * * * * //

dimensions      [0 3 -1 0 0 0 0];

oriented        oriented;

internalField   nonuniform List<scalar> 
908
(
4.773095e-07
2.269048e-08
4.414626e-07
3.584699e-08
4.025812e-07
3.888134e-08
3.645579e-07
3.802335e-08
3.294471e-07
3.511077e-08
2.98308e-07
3.113908e-08
2.714661e-07
2.684186e-08
2.487743e-07
2.269183e-08
2.298446e-07
1.892973e-08
2.141966e-07
1.564794e-08
2.013387e-07
1.285791e-08
1.908091e-07
1.052964e-08
1.821953e-07
8.613787e-09
1.75141e-07
7.054267e-09
1.693457e-07
5.795297e-09
1.645605e-07
4.785178e-09
1.605824e-07
3.978107e-09
1.572477e-07
3.334772e-09
1.544255e-07
2.822214e-09
1.520121e-07
2.413319e-09
1.49926e-07
2.086115e-09
1.48103e-07
1.823026e-09
1.464929e-07
1.610138e-09
1.450563e-07
1.436529e-09
1.437626e-07
1.29369e-09
1.425876e-07
1.17502e-09
1.415122e-07
1.07543e-09
1.405212e-07
9.91006e-10
1.396024e-07
9.187611e-10
1.38746e-07
8.564305e-10
1.379437e-07
8.023285e-10
1.371884e-07
7.552434e-10
1.36474e-07
7.143754e-10
1.357947e-07
6.793161e-10
1.351446e-07
6.500865e-10
1.345174e-07
6.27201e-10
1.339059e-07
6.114905e-10
1.333018e-07
6.041477e-10
1.326908e-07
6.110299e-10
6.614717e-10
5.166758e-07
6.014665e-09
5.316806e-07
2.08422e-08
5.401552e-07
3.040677e-08
5.423859e-07
3.579265e-08
5.392693e-07
3.822727e-08
5.319909e-07
3.841755e-08
5.21808e-07
3.70247e-08
5.098538e-07
3.464607e-08
4.970487e-07
3.173483e-08
4.840871e-07
2.860952e-08
4.714567e-07
2.548832e-08
4.594734e-07
2.251291e-08
4.483209e-07
1.976633e-08
4.380859e-07
1.728928e-08
4.287876e-07
1.509355e-08
4.204005e-07
1.317231e-08
4.128711e-07
1.150749e-08
4.061308e-07
1.007508e-08
4.001043e-07
8.848715e-09
3.947155e-07
7.802055e-09
3.898915e-07
6.910181e-09
3.855641e-07
6.150381e-09
3.816718e-07
5.502487e-09
3.781594e-07
4.948931e-09
3.749784e-07
4.474639e-09
3.720866e-07
4.06682e-09
3.694473e-07
3.714724e-09
3.670289e-07
3.409386e-09
3.648043e-07
3.143379e-09
3.627501e-07
2.910601e-09
3.608464e-07
2.706075e-09
3.590759e-07
2.525793e-09
3.574237e-07
2.366579e-09
3.55877e-07
2.225993e-09
3.544248e-07
2.102261e-09
3.530578e-07
1.994232e-09
3.51768e-07
1.901282e-09
3.50549e-07
1.823119e-09
3.494011e-07
1.758948e-09
1.714441e-09
5.026443e-07
3.370379e-09
5.12854e-07
1.063253e-08
5.263931e-07
1.686768e-08
5.404326e-07
2.175317e-08
5.532992e-07
2.536061e-08
5.640003e-07
2.771642e-08
5.721227e-07
2.890234e-08
5.776701e-07
2.909867e-08
5.8088e-07
2.852496e-08
5.820979e-07
2.739159e-08
5.817034e-07
2.588284e-08
5.800645e-07
2.415177e-08
5.775119e-07
2.231891e-08
5.743272e-07
2.047406e-08
5.707401e-07
1.868057e-08
5.669322e-07
1.698025e-08
5.630416e-07
1.539813e-08
5.5917e-07
1.394666e-08
5.553894e-07
1.262925e-08
5.517483e-07
1.144315e-08
5.482769e-07
1.038159e-08
5.449918e-07
9.435495e-09
5.418997e-07
8.594621e-09
5.390002e-07
7.848412e-09
5.362883e-07
7.186545e-09
5.337558e-07
6.599285e-09
5.313929e-07
6.077683e-09
5.291886e-07
5.613674e-09
5.271319e-07
5.200103e-09
5.252117e-07
4.830705e-09
5.234178e-07
4.500058e-09
5.2174e-07
4.203523e-09
5.201695e-07
3.937171e-09
5.186977e-07
3.697718e-09
5.173176e-07
3.482443e-09
5.160227e-07
3.289109e-09
5.14808e-07
3.115902e-09
5.136704e-07
2.96071e-09
5.126079e-07
2.821453e-09
2.662369e-09
5.01514e-07
1.856333e-09
5.06514e-07
5.632598e-09
5.142499e-07
9.131788e-09
5.238864e-07
1.211657e-08
5.347161e-07
1.453092e-08
5.460548e-07
1.637775e-08
5.572863e-07
1.767091e-08
5.679374e-07
1.844757e-08
5.776939e-07
1.876839e-08
5.863798e-07
1.870566e-08
5.939281e-07
1.833457e-08
6.003517e-07
1.772824e-08
6.057166e-07
1.695395e-08
6.101204e-07
1.607028e-08
6.136751e-07
1.512583e-08
6.164962e-07
1.415918e-08
6.186947e-07
1.319964e-08
6.203729e-07
1.226843e-08
6.216222e-07
1.137997e-08
6.225221e-07
1.054324e-08
6.231407e-07
9.763009e-09
6.235353e-07
9.040928e-09
6.237535e-07
8.376399e-09
6.238346e-07
7.767305e-09
6.238106e-07
7.21057e-09
6.237073e-07
6.702581e-09
6.235455e-07
6.239493e-09
6.233417e-07
5.817454e-09
6.231091e-07
5.432746e-09
6.228579e-07
5.081884e-09
6.225963e-07
4.761673e-09
6.223306e-07
4.469229e-09
6.220657e-07
4.201994e-09
6.218057e-07
3.95772e-09
6.215537e-07
3.734454e-09
6.213124e-07
3.53049e-09
6.210838e-07
3.34446e-09
6.208703e-07
3.174251e-09
6.206711e-07
3.020591e-09
2.820266e-09
5.010369e-07
8.194658e-10
5.041598e-07
2.509642e-09
5.091892e-07
4.102437e-09
5.15812e-07
5.493728e-09
5.236987e-07
6.644191e-09
5.325223e-07
7.554199e-09
5.41959e-07
8.23424e-09
5.517068e-07
8.69973e-09
5.615028e-07
8.972372e-09
5.711306e-07
9.077822e-09
5.804224e-07
9.042781e-09
5.892572e-07
8.893484e-09
5.975563e-07
8.654841e-09
6.052769e-07
8.349663e-09
6.124047e-07
7.998059e-09
6.189467e-07
7.617151e-09
6.249253e-07
7.221039e-09
6.303728e-07
6.820935e-09
6.353273e-07
6.42543e-09
6.398297e-07
6.040824e-09
6.439213e-07
5.671499e-09
6.476419e-07
5.320279e-09
6.510296e-07
4.988762e-09
6.541192e-07
4.677618e-09
6.56943e-07
4.386833e-09
6.595296e-07
4.115917e-09
6.619051e-07
3.864061e-09
6.640923e-07
3.630269e-09
6.661116e-07
3.413447e-09
6.67981e-07
3.212475e-09
6.697164e-07
3.026255e-09
6.713319e-07
2.853745e-09
6.728399e-07
2.693976e-09
6.742515e-07
2.546069e-09
6.755768e-07
2.409237e-09
6.768245e-07
2.28277e-09
6.780028e-07
2.166155e-09
6.791188e-07
2.058231e-09
6.801786e-07
1.96083e-09
1.825909e-09
5.008195e-07
-1.543833e-16
5.033291e-07
-5.441883e-16
5.074315e-07
3.316266e-16
5.129253e-07
-4.129177e-16
5.195695e-07
-1.109261e-15
5.271237e-07
3.995769e-16
5.353579e-07
2.443742e-16
5.440576e-07
1.969629e-16
5.5303e-07
6.417145e-16
5.621078e-07
-6.06837e-16
5.711506e-07
-5.821007e-16
5.800441e-07
3.104246e-16
5.886989e-07
-3.777922e-17
5.970486e-07
2.763743e-16
6.050466e-07
6.049313e-17
6.126638e-07
-1.88804e-16
6.198849e-07
1.941174e-16
6.267058e-07
1.663364e-16
6.331312e-07
2.108351e-16
6.39172e-07
1.113611e-16
6.448435e-07
-1.9213e-16
6.501638e-07
-1.91303e-16
6.551526e-07
-2.067673e-16
6.598302e-07
-7.57227e-17
6.64217e-07
1.073229e-16
6.68333e-07
1.533049e-16
6.72197e-07
2.094119e-16
6.758273e-07
1.589238e-16
6.792407e-07
8.517844e-17
6.824532e-07
8.505232e-17
6.854794e-07
3.575447e-17
6.883332e-07
9.450465e-17
6.910272e-07
9.776093e-17
6.935733e-07
8.999218e-17
6.959825e-07
-6.219981e-17
6.982653e-07
-2.042621e-16
7.004314e-07
-4.784665e-16
7.024897e-07
-4.970765e-16
7.044505e-07
-1.385477e-15
-2.74454e-15
5.008195e-07
-8.194657e-10
5.033291e-07
-2.509641e-09
5.074315e-07
-4.102437e-09
5.129253e-07
-5.493728e-09
5.195695e-07
-6.64419e-09
5.271237e-07
-7.5542e-09
5.353579e-07
-8.234241e-09
5.440576e-07
-8.699729e-09
5.5303e-07
-8.972372e-09
5.621078e-07
-9.077822e-09
5.711506e-07
-9.04278e-09
5.800441e-07
-8.893484e-09
5.886989e-07
-8.654841e-09
5.970486e-07
-8.349663e-09
6.050467e-07
-7.998059e-09
6.126638e-07
-7.617151e-09
6.198849e-07
-7.221039e-09
6.267058e-07
-6.820935e-09
6.331312e-07
-6.425429e-09
6.39172e-07
-6.040824e-09
6.448435e-07
-5.671499e-09
6.501638e-07
-5.320279e-09
6.551526e-07
-4.988762e-09
6.598302e-07
-4.677618e-09
6.64217e-07
-4.386833e-09
6.68333e-07
-4.115916e-09
6.72197e-07
-3.864061e-09
6.758273e-07
-3.630269e-09
6.792407e-07
-3.413447e-09
6.824532e-07
-3.212475e-09
6.854794e-07
-3.026255e-09
6.883332e-07
-2.853745e-09
6.910272e-07
-2.693976e-09
6.935733e-07
-2.546069e-09
6.959825e-07
-2.409237e-09
6.982653e-07
-2.282771e-09
7.004314e-07
-2.166156e-09
7.024897e-07
-2.058232e-09
7.044505e-07
-1.960832e-09
-1.825914e-09
5.010369e-07
-1.856333e-09
5.041598e-07
-5.632598e-09
5.091892e-07
-9.131789e-09
5.15812e-07
-1.211657e-08
5.236987e-07
-1.453092e-08
5.325223e-07
-1.637775e-08
5.41959e-07
-1.767091e-08
5.517068e-07
-1.844757e-08
5.615028e-07
-1.876839e-08
5.711306e-07
-1.870566e-08
5.804224e-07
-1.833456e-08
5.892572e-07
-1.772824e-08
5.975563e-07
-1.695395e-08
6.052769e-07
-1.607028e-08
6.124047e-07
-1.512583e-08
6.189467e-07
-1.415918e-08
6.249253e-07
-1.319964e-08
6.303728e-07
-1.226843e-08
6.353273e-07
-1.137997e-08
6.398297e-07
-1.054324e-08
6.439213e-07
-9.763009e-09
6.476419e-07
-9.040928e-09
6.510296e-07
-8.376399e-09
6.541192e-07
-7.767305e-09
6.56943e-07
-7.21057e-09
6.595296e-07
-6.702581e-09
6.619051e-07
-6.239494e-09
6.640923e-07
-5.817454e-09
6.661116e-07
-5.432746e-09
6.67981e-07
-5.081884e-09
6.697164e-07
-4.761673e-09
6.713319e-07
-4.46923e-09
6.728399e-07
-4.201994e-09
6.742515e-07
-3.95772e-09
6.755768e-07
-3.734454e-09
6.768245e-07
-3.53049e-09
6.780028e-07
-3.34446e-09
6.791188e-07
-3.174252e-09
6.801786e-07
-3.020592e-09
-2.820269e-09
5.01514e-07
-3.370379e-09
5.06514e-07
-1.063253e-08
5.142499e-07
-1.686768e-08
5.238865e-07
-2.175317e-08
5.347161e-07
-2.536061e-08
5.460548e-07
-2.771642e-08
5.572863e-07
-2.890234e-08
5.679374e-07
-2.909867e-08
5.776939e-07
-2.852496e-08
5.863799e-07
-2.739159e-08
5.939281e-07
-2.588284e-08
6.003517e-07
-2.415177e-08
6.057166e-07
-2.231891e-08
6.101204e-07
-2.047406e-08
6.136752e-07
-1.868057e-08
6.164962e-07
-1.698025e-08
6.186947e-07
-1.539813e-08
6.203729e-07
-1.394666e-08
6.216222e-07
-1.262925e-08
6.225221e-07
-1.144315e-08
6.231407e-07
-1.038159e-08
6.235353e-07
-9.435495e-09
6.237535e-07
-8.594621e-09
6.238346e-07
-7.848412e-09
6.238106e-07
-7.186545e-09
6.237073e-07
-6.599285e-09
6.235455e-07
-6.077683e-09
6.233417e-07
-5.613674e-09
6.231091e-07
-5.200103e-09
6.228579e-07
-4.830705e-09
6.225963e-07
-4.500058e-09
6.223306e-07
-4.203523e-09
6.220657e-07
-3.937172e-09
6.218057e-07
-3.697718e-09
6.215537e-07
-3.482443e-09
6.213123e-07
-3.28911e-09
6.210838e-07
-3.115902e-09
6.208702e-07
-2.96071e-09
6.206711e-07
-2.821453e-09
-2.662368e-09
5.026443e-07
-6.014665e-09
5.12854e-07
-2.08422e-08
5.263931e-07
-3.040677e-08
5.404326e-07
-3.579266e-08
5.532992e-07
-3.822727e-08
5.640003e-07
-3.841755e-08
5.721227e-07
-3.70247e-08
5.776701e-07
-3.464607e-08
5.8088e-07
-3.173483e-08
5.820979e-07
-2.860952e-08
5.817034e-07
-2.548833e-08
5.800645e-07
-2.251291e-08
5.775119e-07
-1.976633e-08
5.743272e-07
-1.728928e-08
5.707401e-07
-1.509355e-08
5.669322e-07
-1.317231e-08
5.630416e-07
-1.150749e-08
5.5917e-07
-1.007508e-08
5.553894e-07
-8.848716e-09
5.517483e-07
-7.802055e-09
5.482769e-07
-6.910181e-09
5.449918e-07
-6.150381e-09
5.418997e-07
-5.502487e-09
5.390002e-07
-4.948931e-09
5.362883e-07
-4.474639e-09
5.337558e-07
-4.066821e-09
5.313929e-07
-3.714725e-09
5.291886e-07
-3.409386e-09
5.271318e-07
-3.143379e-09
5.252117e-07
-2.910601e-09
5.234178e-07
-2.706076e-09
5.2174e-07
-2.525793e-09
5.201694e-07
-2.36658e-09
5.186977e-07
-2.225994e-09
5.173175e-07
-2.102261e-09
5.160227e-07
-1.994232e-09
5.14808e-07
-1.901282e-09
5.136704e-07
-1.823118e-09
5.126079e-07
-1.758945e-09
-1.714437e-09
5.166758e-07
-2.269047e-08
5.316806e-07
-3.584699e-08
5.401552e-07
-3.888134e-08
5.423859e-07
-3.802335e-08
5.392693e-07
-3.511077e-08
5.319909e-07
-3.113908e-08
5.21808e-07
-2.684186e-08
5.098538e-07
-2.269184e-08
4.970487e-07
-1.892973e-08
4.840871e-07
-1.564794e-08
4.714567e-07
-1.285791e-08
4.594734e-07
-1.052964e-08
4.483209e-07
-8.613788e-09
4.380859e-07
-7.054267e-09
4.287876e-07
-5.795297e-09
4.204005e-07
-4.785178e-09
4.128711e-07
-3.978108e-09
4.061308e-07
-3.334772e-09
4.001043e-07
-2.822214e-09
3.947155e-07
-2.413319e-09
3.898915e-07
-2.086115e-09
3.855641e-07
-1.823026e-09
3.816718e-07
-1.610138e-09
3.781594e-07
-1.43653e-09
3.749784e-07
-1.29369e-09
3.720866e-07
-1.17502e-09
3.694473e-07
-1.07543e-09
3.670289e-07
-9.910061e-10
3.648043e-07
-9.187611e-10
3.627501e-07
-8.564305e-10
3.608464e-07
-8.023286e-10
3.590758e-07
-7.552436e-10
3.574236e-07
-7.143756e-10
3.55877e-07
-6.793162e-10
3.544248e-07
-6.500865e-10
3.530578e-07
-6.272009e-10
3.51768e-07
-6.114893e-10
3.50549e-07
-6.041469e-10
3.494011e-07
-6.110266e-10
-6.614651e-10
4.773095e-07
4.414626e-07
4.025812e-07
3.645579e-07
3.294471e-07
2.98308e-07
2.714661e-07
2.487743e-07
2.298446e-07
2.141966e-07
2.013387e-07
1.908091e-07
1.821953e-07
1.75141e-07
1.693457e-07
1.645605e-07
1.605824e-07
1.572477e-07
1.544255e-07
1.520121e-07
1.49926e-07
1.48103e-07
1.464929e-07
1.450563e-07
1.437626e-07
1.425876e-07
1.415122e-07
1.405212e-07
1.396024e-07
1.38746e-07
1.379437e-07
1.371884e-07
1.36474e-07
1.357947e-07
1.351446e-07
1.345174e-07
1.339059e-07
1.333018e-07
1.326908e-07
)
;

boundaryField
{
    inlet
    {
        type            calculated;
        value           nonuniform List<scalar> 
12
(
-5e-07
-5e-07
-5e-07
-5e-07
-5e-07
-5e-07
-5e-07
-5e-07
-5e-07
-5e-07
-5e-07
-5e-07
)
;
    }
    side
    {
        type            calculated;
        value           uniform 0;
    }
    topAndbottom
    {
        type            empty;
    }
    outlet
    {
        type            calculated;
        value           nonuniform List<scalar> 
12
(
1.320293e-07
3.483481e-07
5.1166e-07
6.205132e-07
6.81173e-07
7.062764e-07
7.062764e-07
6.811729e-07
6.205132e-07
5.1166e-07
3.483481e-07
1.320293e-07
)
;
    }
}


// ************************************************************************* //
