/*--------------------------------*- C++ -*----------------------------------*\
| =========                 |                                                 |
| \\      /  F ield         | OpenFOAM: The Open Source CFD Toolbox           |
|  \\    /   O peration     | Version:  2512                                  |
|   \\  /    A nd           | Website:  www.openfoam.com                      |
|    \\/     M anipulation  |                                                 |
\*---------------------------------------------------------------------------*/
FoamFile
{
    version     2.0;
    format      ascii;
    arch        "LSB;label=32;scalar=64";
    class       volVectorField;
    location    "80";
    object      U;
}
// * * * * * * * * * * * * * * * * * * * * * * * * * * * * * * * * * * * * * //

dimensions      [0 1 -1 0 0 0 0];

internalField   nonuniform List<vector> 
480
(
(0.009526452 0.0004585304 0)
(0.009109711 0.0009414116 0)
(0.00849424 0.001050442 0)
(0.00769252 0.0009685759 0)
(0.006922164 0.000816993 0)
(0.006254226 0.000650688 0)
(0.00567854 0.0004958118 0)
(0.00518534 0.0003652132 0)
(0.004770546 0.0002622907 0)
(0.004426784 0.0001847012 0)
(0.004143942 0.0001279358 0)
(0.003912062 8.73321e-05 0)
(0.003722329 5.883247e-05 0)
(0.003567087 3.917116e-05 0)
(0.003439794 2.583957e-05 0)
(0.003334977 1.696857e-05 0)
(0.003248147 1.119403e-05 0)
(0.003175664 7.535831e-06 0)
(0.003114611 5.299221e-06 0)
(0.003062667 3.998082e-06 0)
(0.003017999 3.296843e-06 0)
(0.002979165 2.967376e-06 0)
(0.002945037 2.857479e-06 0)
(0.002914732 2.867915e-06 0)
(0.002887557 2.93594e-06 0)
(0.002862971 3.023537e-06 0)
(0.002840548 3.109189e-06 0)
(0.002819949 3.182203e-06 0)
(0.002800905 3.23896e-06 0)
(0.002783197 3.280488e-06 0)
(0.002766646 3.311157e-06 0)
(0.002751103 3.338102e-06 0)
(0.002736435 3.371511e-06 0)
(0.002722526 3.425826e-06 0)
(0.002709259 3.522419e-06 0)
(0.002696525 3.691015e-06 0)
(0.002684219 3.959427e-06 0)
(0.002672068 4.365366e-06 0)
(0.002659072 5.205985e-06 0)
(0.002645143 7.591873e-06 0)
(0.01013251 0.0006002345 0)
(0.01049192 0.001367204 0)
(0.01075415 0.001742708 0)
(0.01085868 0.001881896 0)
(0.010838 0.001875911 0)
(0.01072722 0.001775497 0)
(0.01054858 0.001619563 0)
(0.01032307 0.001438388 0)
(0.01007157 0.001252549 0)
(0.009811015 0.0010747 0)
(0.0095532 0.0009120102 0)
(0.009305883 0.0007679184 0)
(0.009073856 0.000643348 0)
(0.008859695 0.0005376301 0)
(0.008664352 0.0004491865 0)
(0.008487665 0.0003760036 0)
(0.008328774 0.0003159427 0)
(0.008186407 0.0002669341 0)
(0.00805909 0.0002270854 0)
(0.007945288 0.0001947333 0)
(0.007843494 0.0001684573 0)
(0.007752288 0.00014707 0)
(0.00767037 0.0001295958 0)
(0.007596572 0.0001152436 0)
(0.007529857 0.0001033786 0)
(0.007469321 9.349588e-05 0)
(0.007414175 8.519652e-05 0)
(0.007363742 7.81671e-05 0)
(0.007317435 7.216287e-05 0)
(0.007274754 6.699407e-05 0)
(0.007235266 6.251506e-05 0)
(0.007198602 5.861627e-05 0)
(0.007164443 5.521819e-05 0)
(0.007132514 5.226786e-05 0)
(0.007102577 4.973755e-05 0)
(0.00707443 4.762584e-05 0)
(0.007047926 4.595561e-05 0)
(0.007022882 4.477371e-05 0)
(0.006998926 4.417408e-05 0)
(0.006972157 4.485015e-05 0)
(0.0100013 0.0001878054 0)
(0.01012978 0.0005363472 0)
(0.01037531 0.0008348531 0)
(0.0106669 0.001072901 0)
(0.01094574 0.001242425 0)
(0.0111848 0.001341065 0)
(0.01137373 0.001376149 0)
(0.01150994 0.001360767 0)
(0.01159619 0.001308761 0)
(0.01163872 0.001232387 0)
(0.01164514 0.001141713 0)
(0.01162311 0.001044564 0)
(0.0115797 0.0009466669 0)
(0.01152107 0.0008519535 0)
(0.01145233 0.000762925 0)
(0.01137759 0.0006809999 0)
(0.01129999 0.00060681 0)
(0.01122193 0.0005404403 0)
(0.0111451 0.0004816147 0)
(0.01107067 0.0004298364 0)
(0.01099942 0.0003844894 0)
(0.01093179 0.0003449099 0)
(0.01086799 0.0003104337 0)
(0.01080808 0.000280427 0)
(0.010752 0.0002543043 0)
(0.01069959 0.0002315372 0)
(0.01065069 0.0002116575 0)
(0.01060507 0.0001942566 0)
(0.01056251 0.0001789819 0)
(0.01052279 0.0001655328 0)
(0.0104857 0.0001536554 0)
(0.01045103 0.0001431375 0)
(0.01041859 0.0001338042 0)
(0.01038821 0.0001255132 0)
(0.01035972 0.000118151 0)
(0.010333 0.0001116293 0)
(0.01030794 0.0001058796 0)
(0.01028442 0.0001008333 0)
(0.01026269 9.639144e-05 0)
(0.01023733 9.198789e-05 0)
(0.01000493 9.9418e-05 0)
(0.01006579 0.0002999618 0)
(0.01019245 0.0004834969 0)
(0.01037135 0.0006383292 0)
(0.01058122 0.0007620103 0)
(0.01080637 0.0008546639 0)
(0.01103467 0.0009171199 0)
(0.01125559 0.0009515126 0)
(0.01146106 0.0009612626 0)
(0.01164618 0.0009505352 0)
(0.01180869 0.0009237335 0)
(0.01194823 0.0008851175 0)
(0.01206574 0.0008385282 0)
(0.01216292 0.0007872247 0)
(0.01224195 0.0007338313 0)
(0.01230514 0.0006803597 0)
(0.01235481 0.0006282735 0)
(0.0123931 0.0005785737 0)
(0.01242194 0.0005318876 0)
(0.01244306 0.0004885535 0)
(0.01245793 0.0004486951 0)
(0.0124678 0.0004122838 0)
(0.01247371 0.000379188 0)
(0.01247652 0.0003492118 0)
(0.01247694 0.0003221235 0)
(0.01247555 0.0002976764 0)
(0.0124728 0.0002756235 0)
(0.01246907 0.0002557271 0)
(0.01246464 0.0002377648 0)
(0.01245976 0.0002215334 0)
(0.01245459 0.0002068499 0)
(0.01244929 0.0001935522 0)
(0.01244396 0.0001814986 0)
(0.01243869 0.0001705664 0)
(0.01243356 0.0001606501 0)
(0.01242861 0.0001516591 0)
(0.0124239 0.0001435178 0)
(0.01241947 0.0001361278 0)
(0.01241539 0.0001294456 0)
(0.01241091 0.0001212955 0)
(0.01000391 5.246201e-05 0)
(0.01004307 0.0001563931 0)
(0.01012338 0.0002525172 0)
(0.01024161 0.0003354601 0)
(0.01038897 0.0004037775 0)
(0.01055788 0.0004577319 0)
(0.01074203 0.0004979007 0)
(0.01093535 0.0005251821 0)
(0.0111321 0.0005408647 0)
(0.01132738 0.0005464645 0)
(0.01151736 0.0005435679 0)
(0.01169917 0.0005337522 0)
(0.01187085 0.0005185309 0)
(0.01203123 0.0004993011 0)
(0.01217975 0.000477301 0)
(0.01231639 0.0004535876 0)
(0.01244148 0.0004290303 0)
(0.01255557 0.0004043186 0)
(0.0126594 0.0003799773 0)
(0.01275376 0.0003563886 0)
(0.0128395 0.0003338144 0)
(0.01291743 0.0003124202 0)
(0.01298833 0.0002922952 0)
(0.01305293 0.0002734716 0)
(0.01311191 0.0002559401 0)
(0.01316587 0.0002396621 0)
(0.01321537 0.0002245808 0)
(0.01326089 0.0002106278 0)
(0.01330285 0.0001977301 0)
(0.01334165 0.0001858135 0)
(0.01337762 0.0001748059 0)
(0.01341107 0.0001646393 0)
(0.01344224 0.0001552508 0)
(0.01347138 0.0001465834 0)
(0.0134987 0.0001385862 0)
(0.01352439 0.0001312132 0)
(0.01354859 0.0001244288 0)
(0.0135716 0.0001181663 0)
(0.01359248 0.0001124929 0)
(0.01361945 0.0001049545 0)
(0.01000304 1.614592e-05 0)
(0.01003436 4.811178e-05 0)
(0.01009927 7.81457e-05 0)
(0.01019628 0.0001047076 0)
(0.01031927 0.0001270666 0)
(0.01046256 0.0001450533 0)
(0.01062155 0.0001587533 0)
(0.01079192 0.0001684346 0)
(0.01096961 0.0001745126 0)
(0.01115095 0.000177473 0)
(0.01133284 0.0001778092 0)
(0.01151276 0.0001759934 0)
(0.01168868 0.0001724643 0)
(0.01185904 0.0001676198 0)
(0.01202274 0.0001618104 0)
(0.01217903 0.0001553368 0)
(0.01232748 0.0001484511 0)
(0.01246791 0.0001413588 0)
(0.01260034 0.0001342229 0)
(0.01272495 0.0001271687 0)
(0.01284199 0.0001202889 0)
(0.01295181 0.0001136493 0)
(0.0130548 0.0001072934 0)
(0.01315137 0.0001012471 0)
(0.01324191 9.552313e-05 0)
(0.01332684 9.012408e-05 0)
(0.01340654 8.504543e-05 0)
(0.01348139 8.027781e-05 0)
(0.01355175 7.580883e-05 0)
(0.01361793 7.162444e-05 0)
(0.01368024 6.770993e-05 0)
(0.01373897 6.40507e-05 0)
(0.01379439 6.063271e-05 0)
(0.01384673 5.744287e-05 0)
(0.01389623 5.446926e-05 0)
(0.0139431 5.170089e-05 0)
(0.0139875 4.913056e-05 0)
(0.0140299 4.67365e-05 0)
(0.01406842 4.456649e-05 0)
(0.01411824 4.156572e-05 0)
(0.01000304 -1.614593e-05 0)
(0.01003436 -4.81118e-05 0)
(0.01009927 -7.814569e-05 0)
(0.01019628 -0.0001047077 0)
(0.01031927 -0.0001270666 0)
(0.01046256 -0.0001450533 0)
(0.01062155 -0.0001587533 0)
(0.01079192 -0.0001684347 0)
(0.01096961 -0.0001745126 0)
(0.01115095 -0.000177473 0)
(0.01133284 -0.0001778092 0)
(0.01151276 -0.0001759933 0)
(0.01168868 -0.0001724643 0)
(0.01185904 -0.0001676199 0)
(0.01202274 -0.0001618104 0)
(0.01217903 -0.0001553369 0)
(0.01232748 -0.0001484511 0)
(0.01246791 -0.0001413588 0)
(0.01260034 -0.0001342229 0)
(0.01272495 -0.0001271687 0)
(0.01284199 -0.0001202889 0)
(0.01295181 -0.0001136493 0)
(0.0130548 -0.0001072934 0)
(0.01315137 -0.0001012471 0)
(0.01324191 -9.552314e-05 0)
(0.01332684 -9.012408e-05 0)
(0.01340654 -8.504541e-05 0)
(0.01348139 -8.027779e-05 0)
(0.01355175 -7.580881e-05 0)
(0.01361793 -7.162443e-05 0)
(0.01368024 -6.770993e-05 0)
(0.01373897 -6.405069e-05 0)
(0.01379439 -6.063271e-05 0)
(0.01384673 -5.744286e-05 0)
(0.01389623 -5.446926e-05 0)
(0.0139431 -5.170091e-05 0)
(0.0139875 -4.91306e-05 0)
(0.01402989 -4.673654e-05 0)
(0.01406842 -4.45666e-05 0)
(0.01411824 -4.156594e-05 0)
(0.01000391 -5.246201e-05 0)
(0.01004307 -0.0001563931 0)
(0.01012338 -0.0002525172 0)
(0.01024161 -0.0003354601 0)
(0.01038897 -0.0004037775 0)
(0.01055788 -0.0004577319 0)
(0.01074203 -0.0004979006 0)
(0.01093535 -0.000525182 0)
(0.0111321 -0.0005408647 0)
(0.01132738 -0.0005464646 0)
(0.01151736 -0.000543568 0)
(0.01169917 -0.0005337522 0)
(0.01187085 -0.0005185309 0)
(0.01203123 -0.000499301 0)
(0.01217975 -0.000477301 0)
(0.01231639 -0.0004535876 0)
(0.01244148 -0.0004290303 0)
(0.01255557 -0.0004043186 0)
(0.0126594 -0.0003799773 0)
(0.01275376 -0.0003563886 0)
(0.0128395 -0.0003338144 0)
(0.01291743 -0.0003124202 0)
(0.01298833 -0.0002922952 0)
(0.01305293 -0.0002734716 0)
(0.01311191 -0.00025594 0)
(0.01316587 -0.0002396621 0)
(0.01321537 -0.0002245808 0)
(0.01326089 -0.0002106278 0)
(0.01330285 -0.0001977301 0)
(0.01334165 -0.0001858135 0)
(0.01337762 -0.0001748059 0)
(0.01341107 -0.0001646393 0)
(0.01344224 -0.0001552508 0)
(0.01347138 -0.0001465834 0)
(0.0134987 -0.0001385862 0)
(0.01352439 -0.0001312132 0)
(0.01354859 -0.0001244288 0)
(0.0135716 -0.0001181663 0)
(0.01359248 -0.000112493 0)
(0.01361945 -0.0001049546 0)
(0.01000493 -9.941801e-05 0)
(0.01006579 -0.0002999619 0)
(0.01019245 -0.0004834969 0)
(0.01037135 -0.0006383292 0)
(0.01058122 -0.0007620104 0)
(0.01080637 -0.0008546639 0)
(0.01103467 -0.0009171199 0)
(0.01125559 -0.0009515127 0)
(0.01146106 -0.0009612626 0)
(0.01164618 -0.0009505352 0)
(0.01180869 -0.0009237335 0)
(0.01194823 -0.0008851176 0)
(0.01206574 -0.0008385282 0)
(0.01216292 -0.0007872246 0)
(0.01224195 -0.0007338313 0)
(0.01230514 -0.0006803597 0)
(0.01235481 -0.0006282735 0)
(0.0123931 -0.0005785738 0)
(0.01242194 -0.0005318876 0)
(0.01244306 -0.0004885535 0)
(0.01245793 -0.0004486951 0)
(0.0124678 -0.0004122838 0)
(0.01247371 -0.000379188 0)
(0.01247652 -0.0003492118 0)
(0.01247694 -0.0003221235 0)
(0.01247555 -0.0002976764 0)
(0.0124728 -0.0002756235 0)
(0.01246907 -0.0002557271 0)
(0.01246464 -0.0002377649 0)
(0.01245976 -0.0002215334 0)
(0.01245459 -0.0002068499 0)
(0.01244929 -0.0001935523 0)
(0.01244396 -0.0001814987 0)
(0.01243869 -0.0001705664 0)
(0.01243356 -0.0001606501 0)
(0.01242861 -0.0001516591 0)
(0.0124239 -0.0001435178 0)
(0.01241947 -0.0001361278 0)
(0.01241539 -0.0001294456 0)
(0.01241091 -0.0001212956 0)
(0.0100013 -0.0001878054 0)
(0.01012978 -0.0005363472 0)
(0.01037531 -0.0008348531 0)
(0.0106669 -0.001072901 0)
(0.01094574 -0.001242425 0)
(0.0111848 -0.001341065 0)
(0.01137373 -0.001376149 0)
(0.01150994 -0.001360767 0)
(0.01159619 -0.001308761 0)
(0.01163872 -0.001232387 0)
(0.01164514 -0.001141713 0)
(0.01162311 -0.001044564 0)
(0.0115797 -0.000946667 0)
(0.01152107 -0.0008519535 0)
(0.01145233 -0.000762925 0)
(0.01137759 -0.0006809999 0)
(0.01129999 -0.00060681 0)
(0.01122193 -0.0005404403 0)
(0.0111451 -0.0004816147 0)
(0.01107067 -0.0004298364 0)
(0.01099942 -0.0003844894 0)
(0.01093179 -0.0003449099 0)
(0.01086799 -0.0003104337 0)
(0.01080808 -0.000280427 0)
(0.010752 -0.0002543043 0)
(0.01069959 -0.0002315372 0)
(0.01065069 -0.0002116576 0)
(0.01060507 -0.0001942566 0)
(0.01056251 -0.0001789819 0)
(0.01052279 -0.0001655328 0)
(0.0104857 -0.0001536554 0)
(0.01045103 -0.0001431375 0)
(0.01041859 -0.0001338042 0)
(0.01038821 -0.0001255132 0)
(0.01035972 -0.000118151 0)
(0.010333 -0.0001116293 0)
(0.01030794 -0.0001058796 0)
(0.01028442 -0.0001008333 0)
(0.01026269 -9.639137e-05 0)
(0.01023733 -9.198778e-05 0)
(0.01013251 -0.0006002345 0)
(0.01049192 -0.001367204 0)
(0.01075415 -0.001742708 0)
(0.01085868 -0.001881896 0)
(0.010838 -0.001875911 0)
(0.01072722 -0.001775497 0)
(0.01054858 -0.001619563 0)
(0.01032307 -0.001438388 0)
(0.01007157 -0.001252549 0)
(0.009811015 -0.0010747 0)
(0.0095532 -0.0009120102 0)
(0.009305883 -0.0007679184 0)
(0.009073856 -0.0006433481 0)
(0.008859695 -0.0005376301 0)
(0.008664352 -0.0004491866 0)
(0.008487665 -0.0003760036 0)
(0.008328774 -0.0003159427 0)
(0.008186407 -0.0002669341 0)
(0.00805909 -0.0002270854 0)
(0.007945288 -0.0001947333 0)
(0.007843494 -0.0001684573 0)
(0.007752288 -0.00014707 0)
(0.00767037 -0.0001295958 0)
(0.007596572 -0.0001152436 0)
(0.007529857 -0.0001033786 0)
(0.007469321 -9.34959e-05 0)
(0.007414175 -8.519653e-05 0)
(0.007363742 -7.81671e-05 0)
(0.007317435 -7.216287e-05 0)
(0.007274753 -6.699407e-05 0)
(0.007235266 -6.251507e-05 0)
(0.007198602 -5.861628e-05 0)
(0.007164443 -5.52182e-05 0)
(0.007132514 -5.226787e-05 0)
(0.007102577 -4.973756e-05 0)
(0.00707443 -4.762584e-05 0)
(0.007047925 -4.595559e-05 0)
(0.007022882 -4.477365e-05 0)
(0.006998926 -4.417396e-05 0)
(0.006972157 -4.484992e-05 0)
(0.009526452 -0.0004585303 0)
(0.009109711 -0.0009414116 0)
(0.00849424 -0.001050442 0)
(0.00769252 -0.0009685759 0)
(0.006922164 -0.0008169931 0)
(0.006254226 -0.000650688 0)
(0.00567854 -0.0004958117 0)
(0.00518534 -0.0003652132 0)
(0.004770546 -0.0002622908 0)
(0.004426784 -0.0001847012 0)
(0.004143942 -0.0001279358 0)
(0.003912062 -8.733214e-05 0)
(0.003722329 -5.883251e-05 0)
(0.003567087 -3.917116e-05 0)
(0.003439794 -2.583955e-05 0)
(0.003334977 -1.696856e-05 0)
(0.003248147 -1.119405e-05 0)
(0.003175664 -7.535852e-06 0)
(0.003114611 -5.299231e-06 0)
(0.003062667 -3.998082e-06 0)
(0.003017999 -3.296838e-06 0)
(0.002979165 -2.967377e-06 0)
(0.002945037 -2.857489e-06 0)
(0.002914732 -2.867929e-06 0)
(0.002887557 -2.935952e-06 0)
(0.002862971 -3.023543e-06 0)
(0.002840548 -3.109187e-06 0)
(0.002819949 -3.182198e-06 0)
(0.002800904 -3.238953e-06 0)
(0.002783197 -3.280484e-06 0)
(0.002766646 -3.311158e-06 0)
(0.002751103 -3.338109e-06 0)
(0.002736435 -3.371522e-06 0)
(0.002722526 -3.425834e-06 0)
(0.002709258 -3.522424e-06 0)
(0.002696524 -3.691013e-06 0)
(0.002684219 -3.959391e-06 0)
(0.002672068 -4.365334e-06 0)
(0.002659072 -5.205883e-06 0)
(0.002645143 -7.59166e-06 0)
)
;

boundaryField
{
    inlet
    {
        type            fixedValue;
        value           uniform (0.01 0 0);
    }
    side
    {
        type            noSlip;
    }
    topAndbottom
    {
        type            empty;
    }
    outlet
    {
        type            zeroGradient;
    }
}


// ************************************************************************* //
