/*--------------------------------*- C++ -*----------------------------------*\
| =========                 |                                                 |
| \\      /  F ield         | OpenFOAM: The Open Source CFD Toolbox           |
|  \\    /   O peration     | Version:  2512                                  |
|   \\  /    A nd           | Website:  www.openfoam.com                      |
|    \\/     M anipulation  |                                                 |
\*---------------------------------------------------------------------------*/
FoamFile
{
    version     2.0;
    format      ascii;
    arch        "LSB;label=32;scalar=64";
    class       labelList;
    location    "constant/basis/polyMesh";
    object      faceRegionAddressing;
}
// * * * * * * * * * * * * * * * * * * * * * * * * * * * * * * * * * * * * * //


8596
(
134390
134391
134392
134393
153973
153974
153975
153976
153977
153978
153979
153980
153981
153982
153983
153984
153985
153986
153987
153988
153989
153990
153991
153992
153993
153994
153995
153996
153997
153998
153999
154000
154001
154002
154003
154004
154005
154006
154007
154008
154009
154010
154011
154012
154013
154014
154015
154016
154017
154018
154019
154020
154021
154022
154023
154024
154025
154026
154027
154028
154029
154030
154031
154032
154033
154034
154035
154036
154037
154038
154039
154040
154041
154042
154043
154044
154045
154046
154047
154048
154049
154050
154051
154052
154053
154054
154055
154056
154057
154058
154059
154060
154061
154062
154063
154064
154065
154066
154067
154068
154069
154070
154071
154072
154073
154074
154075
154076
154077
154078
154079
154080
154081
154082
154083
154084
154085
154086
154087
154088
154089
154090
154091
154092
154093
154094
154095
154096
154097
154098
154099
154100
154101
154102
154103
154104
154105
154106
154107
154108
154109
154110
154111
154112
154113
154114
154115
154116
154117
154118
154119
154120
154121
154122
154123
154124
154125
154126
154127
154128
154129
154130
154131
154132
154133
154134
154135
154136
154137
154138
154139
154140
154141
154142
154143
154144
154145
154146
154147
154148
154149
154150
154151
154152
154153
154154
154155
154156
154157
154158
154159
154160
154161
154162
154163
154164
154165
154166
154167
154168
154169
154170
154171
154172
154173
154174
154175
154176
154177
154178
154179
154180
154181
154182
154183
154184
154185
154186
154187
154188
154189
154190
154191
154192
154193
154194
154195
154196
154197
154198
154199
154200
154201
154202
154203
154204
154205
154206
154207
154208
154209
154210
154211
154212
154213
154214
154215
154216
154217
154218
154219
154220
154221
154222
154223
154224
154225
154226
154227
154228
154229
154230
154231
154232
154233
154234
154235
154236
154237
154238
154239
154240
154241
154242
154243
154244
154245
154246
154247
154248
154249
154250
154251
154252
154253
154254
154255
154256
154257
154258
154259
154260
154261
154262
154263
154264
154265
154266
154267
154268
154269
154270
154271
154272
154273
154274
154275
154276
154277
154278
154279
154280
154281
154282
154283
154284
154285
154286
154287
154288
154289
154290
154291
154292
154293
154294
154295
154296
154297
154298
154299
154300
154301
154302
154303
154304
154305
154306
154307
154308
154309
154310
154311
154312
154313
154314
154315
154316
154317
154318
154319
154320
154321
154322
154323
154324
154325
154326
154327
154328
154329
154330
154331
154332
154333
154334
154335
154336
154337
154338
154339
154340
154341
154342
154343
154344
154345
154346
154347
154348
154349
154350
154351
154352
154353
154354
154355
154356
154357
154358
154359
154360
154361
154362
154363
154364
154365
154366
154367
154368
154369
154370
154371
154372
154373
154374
154375
154376
154377
154378
154379
154380
154381
154382
154383
154384
154385
154386
154387
154388
154389
154390
154391
154392
154393
154394
154395
154396
154397
154398
154399
154400
154401
154402
154403
154404
154405
154406
154407
154408
154409
154410
154411
154412
154413
154414
154415
154416
154417
154418
154419
154420
154421
154422
154423
154424
154425
154426
154427
154428
154429
154430
154431
154432
154433
154434
154435
154436
154437
154438
154439
154440
154441
154442
154443
154444
154445
154446
154447
154448
154449
154450
154451
154452
154453
154454
154455
154456
154457
154458
154459
154460
154461
154462
154463
154464
154465
154466
154467
154468
154469
154470
154471
154472
154473
154474
154475
154476
154477
154478
154479
154480
154481
154482
154483
154484
154485
154486
154487
154488
154489
154490
154491
154492
154493
154494
154495
154496
154497
154498
154499
154500
154501
154502
154503
154504
154505
154506
154507
154508
154509
154510
154511
154512
154513
154514
154515
154516
154517
154518
154519
154520
154521
154522
154523
154524
154525
154526
154527
154528
154529
154530
154531
154532
154533
154534
154535
154536
154537
154538
154539
154540
154541
154542
154543
154544
154545
154546
154547
154548
154549
154550
154551
154552
154553
154554
154555
154556
154557
154558
154559
154560
154561
154562
154563
154564
154565
154566
154567
154568
154569
154570
154571
154572
154573
154574
154575
154576
154577
154578
154579
154580
154581
154582
154583
154584
154585
154586
154587
154588
154589
154590
154591
154592
154593
154594
154595
154596
154597
154598
154599
154600
154601
154602
154603
154604
154605
154606
154607
154608
154609
154610
154611
154612
154613
154614
154615
154616
154617
154618
154619
154620
154621
154622
154623
154624
154625
154626
154627
154628
154629
154630
154631
154632
154633
154634
154635
154636
154637
154638
154639
154640
154641
154642
154643
154644
154645
154646
154647
154648
154649
154650
154651
154652
154653
154654
154655
154656
154657
154658
154659
154660
154661
154662
154663
154664
154665
154666
154667
154668
154669
154670
154671
154672
154673
154674
154675
154676
154677
154678
154679
154680
154681
154682
154683
154684
154685
154686
154687
154688
154689
154690
154691
154692
154693
154694
154695
154696
154697
154698
154699
154700
154701
154702
154703
154704
154705
154706
154707
154708
154709
154710
154711
154712
154713
154714
154715
154716
154717
154718
154719
154720
154721
154722
154723
154724
154725
154726
154727
154728
154729
154730
154731
154732
154733
154734
154735
154736
154737
154738
154739
154740
154741
154742
154743
154744
154745
154746
154747
154748
154749
154750
154751
154752
154753
154754
154755
154756
154757
154758
154759
154760
154761
154762
154763
154764
154765
154766
154767
154768
154769
154770
154771
154772
154773
154774
154775
154776
154777
154778
154779
154780
154781
154782
154783
154784
154785
154786
154787
154788
154789
154790
154791
154792
154793
154794
154795
154796
154797
154798
154799
154800
154801
154802
154803
154804
154805
154806
154807
154808
154809
154810
154811
154812
154813
154814
154815
154816
154817
154818
154819
154820
154821
154822
154823
154824
154825
154826
154827
154828
154829
154830
154831
154832
154833
154834
154835
154836
154837
154838
154839
154840
154841
154842
154843
154844
154845
154846
154847
154848
154849
154850
154851
154852
154853
154854
154855
154856
154857
154858
154859
154860
154861
154862
154863
154864
154865
154866
154867
154868
154869
154870
154871
154872
154873
154874
154875
154876
154877
154878
154879
154880
154881
154882
154883
154884
154885
154886
154887
154888
154889
154890
154891
154892
154893
154894
154895
154896
154897
154898
154899
154900
154901
154902
154903
154904
154905
154906
154907
154908
154909
154910
154911
154912
154913
154914
154915
154916
154917
154918
154919
154920
154921
154922
154923
154924
154925
154926
154927
154928
154929
154930
154931
154932
154933
154934
154935
154936
154937
154938
154939
154940
154941
154942
154943
154944
154945
154946
154947
154948
154949
154950
154951
154952
154953
154954
154955
154956
154957
154958
154959
154960
154961
154962
154963
154964
154965
154966
154967
154968
154969
154970
154971
154972
154973
154974
154975
154976
154977
154978
154979
154980
154981
154982
154983
154984
154985
154986
154987
154988
154989
154990
154991
154992
154993
154994
154995
154996
154997
154998
154999
155000
155001
155002
155003
155004
155005
155006
155007
155008
155009
155010
155011
155012
155013
155014
155015
155016
155017
155018
155019
155020
155021
155022
155023
155024
155025
155026
155027
155028
155029
155030
155031
155032
155033
155034
155035
155036
155037
155038
155039
155040
155041
155042
155043
155044
155045
155046
155047
155048
155049
155050
155051
155052
155053
155054
155055
155056
155057
155058
155059
155060
155061
155062
155063
155064
155065
155066
155067
155068
155069
155070
155071
155072
155073
155074
155075
155076
155077
155078
155079
155080
155081
155082
155083
155084
155085
155086
155087
155088
155089
155090
155091
155092
155093
155094
155095
155096
155097
155098
155099
155100
155101
155102
155103
155104
155105
155106
155107
155108
155109
155110
155111
155112
155113
155114
155115
155116
155117
155118
155119
155120
155121
155122
155123
155124
155125
155126
155127
155128
155129
155130
155131
155132
155133
155134
155135
155136
155137
155138
155139
155140
155141
155142
155143
155144
155145
155146
155147
155148
155149
155150
155151
155152
155153
155154
155155
155156
155157
155158
155159
155160
155161
155162
155163
155164
155165
155166
155167
155168
155169
155170
155171
155172
155173
155174
155175
155176
155177
155178
155179
155180
155181
155182
155183
155184
155185
155186
155187
155188
155189
155190
155191
155192
155193
155194
155195
155196
155197
155198
155199
155200
155201
155202
155203
155204
155205
155206
155207
155208
155209
155210
155211
155212
155213
155214
155215
155216
155217
155218
155219
155220
155221
155222
155223
155224
155225
155226
155227
155228
155229
155230
155231
155232
155233
155234
155235
155236
155237
155238
155239
155240
155241
155242
155243
155244
155245
155246
155247
155248
155249
155250
155251
155252
155253
155254
155255
155256
155257
155258
155259
155260
155261
155262
155263
155264
155265
155266
155267
155268
155269
155270
155271
155272
155273
155274
155275
155276
155277
155278
155279
155280
155281
155282
155283
155284
155285
155286
155287
155288
155289
155290
155291
155292
155293
155294
155295
155296
155297
155298
155299
155300
155301
155302
155303
155304
155305
155306
155307
155308
155309
155310
155311
155312
155313
155314
155315
155316
155317
155318
155319
155320
155321
155322
155323
155324
155325
155326
155327
155328
155329
155330
155331
155332
155333
155334
155335
155336
155337
155338
155339
155340
155341
155342
155343
155344
155345
155346
155347
155348
155349
155350
155351
155352
155353
155354
155355
155356
155357
155358
155359
155360
155361
155362
155363
155364
155365
155366
155367
155368
155369
155370
155371
155372
155373
155374
155375
155376
155377
155378
155379
155380
155381
155382
155383
155384
155385
155386
155387
155388
155389
155390
155391
155392
155393
155394
155395
155396
155397
155398
155399
155400
155401
155402
155403
155404
155405
155406
155407
155408
155409
155410
155411
155412
155413
155414
155415
155416
155417
155418
155419
155420
155421
155422
155423
155424
155425
155426
155427
155428
155429
155430
155431
155432
155433
155434
155435
155436
155437
155438
155439
155440
155441
155442
155443
155444
155445
155446
155447
155448
155449
155450
155451
155452
155453
155454
155455
155456
155457
155458
155459
155460
155461
155462
155463
155464
155465
155466
155467
155468
155469
155470
155471
155472
155473
155474
155475
155476
155477
155478
155479
155480
155481
155482
155483
155484
155485
155486
155487
155488
155489
155490
155491
155492
155493
155494
155495
155496
155497
155498
155499
155500
155501
155502
155503
155504
155505
155506
155507
155508
155509
155510
155511
155512
155513
155514
155515
155516
155517
155518
155519
155520
155521
155522
155523
155524
155525
155526
155527
155528
155529
155530
155531
155532
155533
155534
155535
155536
155537
155538
155539
155540
155541
155542
155543
155544
155545
155546
155547
155548
155549
155550
155551
155552
155553
155554
155555
155556
155557
155558
155559
155560
155561
155562
155563
155564
155565
155566
155567
155568
155569
155570
155571
155572
155573
155574
155575
155576
155577
155578
155579
155580
155581
155582
155583
155584
155585
155586
155587
155588
155589
155590
155591
155592
155593
155594
155595
155596
155597
155598
155599
155600
155601
155602
155603
155604
155605
155606
155607
155608
155609
155612
155613
155614
155615
155616
155617
155618
155619
155620
155621
155622
155623
155624
155625
155626
155627
155628
155629
155630
155631
155632
155633
155634
155635
155636
155637
155638
155639
155640
155641
155642
155643
155644
155645
155646
155647
155648
155649
155650
155651
155652
155653
155654
155655
155656
155657
155658
155659
155660
155661
155662
155663
155664
155665
155666
155667
155668
155669
155670
155671
155672
155673
155674
155675
155676
155677
155678
155679
155680
155681
155682
155683
155684
155685
155686
155687
155688
155689
155690
155691
155692
155693
155694
155695
155696
155697
155698
155699
155700
155701
155702
155703
155704
155705
155706
155707
155708
155709
155710
155711
155712
155713
155714
155715
155716
155717
155718
155719
155720
155721
155722
155723
155724
155725
155726
155727
155728
155729
155730
155731
155732
155733
155734
155735
155736
155737
155738
155739
155740
155741
155742
155743
155744
155745
155746
155747
155748
155749
155750
155751
155752
155753
155754
155755
155756
155757
155758
155759
155760
155761
155762
155763
155764
155765
155766
155767
155768
155769
155770
155771
155772
155773
155774
155775
155776
155777
155778
155779
155780
155781
155782
155783
155784
155785
155786
155787
155788
155789
155790
155791
155792
155793
155794
155795
155796
155797
155798
155799
155800
155801
155802
155803
155804
155805
155806
155807
155808
155809
155810
155811
155812
155813
155814
155815
155816
155817
155818
155819
155820
155821
155822
155823
155824
155825
155826
155827
155828
155829
155830
155831
155832
155833
155834
155835
155836
155837
155838
155839
155840
155841
155842
155843
155844
155845
155846
155847
155848
155849
155850
155851
155852
155853
155854
155855
155856
155857
155858
155859
155860
155861
155862
155863
155864
155865
155866
155867
155868
155869
155870
155871
155872
155873
155874
155875
155876
155877
155878
155879
155880
155881
155882
155883
155884
155885
155886
155887
155888
155889
155890
155891
155892
155893
155894
155895
155896
155897
155898
155899
155900
155901
155902
155903
155904
155905
155906
155907
155908
155909
155910
155911
155912
155913
155914
155915
155916
155917
155918
155919
155920
155921
155922
155923
155924
155925
155926
155927
155928
155929
155930
155931
155932
155933
155934
155935
155936
155937
155938
155939
155940
155941
155942
155943
155944
155945
155946
155947
155948
155949
155950
155951
155952
155953
155954
155955
155956
155957
155958
155959
155960
155961
155962
155963
155964
155965
155966
155967
155968
155969
155970
155971
155972
155973
155974
155975
155976
155977
155978
155979
155980
155981
155982
155983
155984
155985
155986
155987
155988
155989
155990
155991
155992
155993
155994
155995
155996
155997
155998
155999
156000
156001
156002
156003
156004
156005
156006
156007
156008
156009
156010
156011
156012
156013
156014
156015
156016
156017
156018
156019
156020
156021
156022
156023
156024
156025
156026
156027
156028
156029
156030
156031
156032
156033
156034
156035
156036
156037
156038
156039
156040
156041
156042
156043
156044
156045
156046
156047
156048
156049
156050
156051
156052
156053
156054
156055
156056
156057
156058
156059
156060
156061
156062
156063
156064
156065
156066
156067
156068
156069
156070
156071
156072
156073
156074
156075
156076
156077
156078
156079
156080
156081
156082
156083
156084
156085
156086
156087
156088
156089
156090
156091
156092
156093
156094
156095
156096
156097
156098
156099
156100
156101
156102
156103
156104
156105
156106
156107
156108
156109
156110
156111
156112
156113
156114
156115
156116
156117
156118
156119
156120
156121
156122
156123
156124
156125
156126
156127
156128
156129
156130
156131
156132
156133
156134
156135
156136
156137
156138
156139
156140
156141
156142
156143
156144
156145
156146
156147
156148
156149
156150
156151
156152
156153
156154
156155
156156
156157
156158
156159
156160
156161
156162
156163
156164
156165
156166
156167
156168
156169
156170
156171
156172
156173
156174
156175
156176
156177
156178
156179
156180
156181
156182
156183
156184
156185
156186
156187
156188
156189
156190
156191
156192
156193
156194
156195
156196
156197
156198
156199
156200
156201
156202
156203
156204
156205
156206
156207
156208
156209
156210
156211
156212
156213
156214
156215
156216
156217
156218
156219
156220
156221
156222
156223
156224
156225
156226
156227
156228
156229
156230
156231
156232
156233
156234
156235
156236
156237
156238
156239
156240
156241
156242
156243
156244
156245
156246
156247
156248
156249
156250
156251
156252
156253
156254
156255
156256
156257
156258
156259
156260
156261
156262
156263
156264
156265
156266
156267
156268
156269
156270
156271
156272
156273
156274
156275
156276
156277
156278
156279
156280
156281
156282
156283
156284
156285
156286
156287
156288
156289
156290
156291
156292
156293
156294
156295
156296
156297
156298
156299
156300
156301
156302
156303
156304
156305
156306
156307
156308
156309
156310
156311
156312
156313
156314
156315
156316
156317
156318
156319
156320
156321
156322
156323
156324
156325
156326
156327
156328
156329
156330
156331
156332
156333
156334
156335
156336
156337
156338
156339
156340
156341
156342
156343
156344
156345
156346
156347
156348
156349
156350
156351
156352
156353
156354
156355
156356
156357
156358
156359
156360
156361
156362
156363
156364
156365
156366
156367
156368
156369
156370
156371
156372
156373
156374
156375
156376
156377
156378
156379
156380
156381
156382
156383
156384
156385
156386
156387
156388
156389
156390
156391
156392
156393
156394
156395
156396
156397
156398
156399
156400
156401
156402
156403
156404
156405
156406
156407
156408
156409
156410
156411
156412
156413
156414
156415
156416
156417
156418
156419
156420
156421
156422
156423
156424
156425
156426
156427
156428
156429
156430
156431
156432
156433
156434
156435
156436
156437
156438
156439
156440
156441
156442
156443
156444
156445
156446
156447
156448
156449
156450
156451
156452
156453
156454
156455
156456
156457
156458
156459
156460
156461
156462
156463
156464
156465
156466
156467
156468
156469
156470
156471
156472
156473
156474
156475
156476
156477
156478
156479
156480
156481
156482
156483
156484
156485
156486
156487
156488
156489
156490
156491
156492
156493
156494
156495
156496
156497
156498
156499
156500
156501
156502
156503
156504
156505
156506
156507
156508
156509
156510
156511
156512
156513
156514
156515
156516
156517
156518
156519
156520
156521
156522
156523
156524
156525
156526
156527
156528
156529
156530
156531
156532
156533
156534
156535
156536
156537
156538
156539
156540
156541
156542
156543
156544
156545
156546
156547
156548
156549
156550
156551
156552
156553
156554
156555
156556
156557
156558
156559
156560
156561
156562
156563
156564
156565
156566
156567
156568
156569
156570
156571
156572
156573
156574
156575
156576
156577
156578
156579
156580
156581
156582
156583
156584
156585
156586
156587
156588
156589
156590
156591
156592
156593
156594
156595
156596
156597
156598
156599
156600
156601
156602
156603
156604
156605
156606
156607
156608
156609
156610
156611
156612
156613
156614
156615
156616
156617
156618
156619
156620
156621
156622
156623
156624
156625
156626
156627
156628
156629
156630
156631
156632
156633
156634
156635
156636
156637
156638
156639
156640
156641
156642
156643
156644
156645
156646
156647
156648
156649
156650
156651
156652
156653
156654
156655
156656
156657
156658
156659
156660
156661
156662
156663
156664
156665
156666
156667
156668
156669
156670
156671
156672
156673
156674
156675
156676
156677
156678
156679
156680
156681
156682
156683
156684
156685
156686
156687
156688
156689
156690
156691
156692
156693
156694
156695
156696
156697
156698
156699
156700
156701
156702
156703
156704
156705
156706
156707
156708
156709
156710
156711
156712
156713
156714
156715
156716
156717
156718
156719
156720
156721
156722
156723
156724
156725
156726
156727
156728
156729
156730
156731
156732
156733
156735
156736
156737
156738
156739
156740
156741
156742
156743
156744
156745
156746
156747
156748
156749
156750
156751
156752
156753
156754
156755
156756
156757
156758
156759
156760
156761
156762
156763
156764
156765
156766
156767
156768
156769
156770
156771
156772
156773
156774
156775
156776
156777
156778
156779
156780
156781
156782
156783
156784
156785
156786
156787
156788
156789
156790
156791
156792
156793
156794
156795
156796
156797
156798
156799
156800
156801
156803
156804
156805
156806
156807
156808
156809
156810
156811
156812
156813
156814
156815
156816
156817
156818
156819
156820
156821
156822
156823
156824
156825
156826
156827
156828
156829
156830
156831
156832
156833
156834
156835
156836
156837
156838
156839
156840
156841
156842
156843
156844
156845
156846
156847
156848
156849
156850
156851
156852
156853
156854
156855
156856
156857
156858
156859
156860
156861
156862
156863
156864
156865
156866
156867
156868
156869
156870
156871
156872
156873
156874
156875
156876
156877
156878
156879
156880
156881
156882
156883
156884
156885
156886
156887
156888
156889
156890
156891
156892
156893
156894
156895
156896
156897
156898
156899
156900
156901
156902
156903
156904
156905
156906
156907
156908
156909
156910
156911
156912
156913
156914
156915
156916
156917
156918
156919
156920
156921
156922
156923
156924
156925
156926
156927
156928
156929
156930
156931
156932
156933
156934
156935
156936
156937
156938
156939
156940
156941
156942
156943
156944
156945
156946
156947
156948
156949
156950
156951
156952
156953
156954
156955
156956
156957
156958
156959
156960
156961
156962
156963
156964
156965
156966
156967
156968
156969
156970
156972
156973
156974
156975
156976
156977
156978
156979
156980
156981
156982
156983
156984
156985
156986
156987
156988
156989
156990
156991
156992
156993
156994
156995
156996
156997
156998
156999
157000
157001
157002
157003
157004
157005
157006
157007
157008
157009
157010
157011
157012
157013
157014
157015
157016
157017
157018
157019
157020
157021
157022
157023
157024
157025
157026
157027
157028
157029
157030
157031
157032
157033
157034
157035
157036
157037
157038
157039
157040
157041
157042
157043
157044
157045
157046
157047
157048
157049
157050
157051
157052
157053
157054
157055
157056
157057
157058
157059
157060
157061
157062
157063
157064
157065
157066
157067
157068
157069
157070
157071
157072
157073
157074
157075
157076
157077
157078
157079
157080
157081
157082
157083
157084
157085
157086
157087
157088
157089
157090
157091
157092
157093
157094
157095
157096
157097
157098
157099
157100
157101
157102
157103
157104
157105
157106
157107
157108
157109
157110
157111
157112
157113
157114
157115
157116
157117
157118
157119
157120
157121
157122
157123
157124
157125
157126
157127
157128
157129
157130
157131
157132
157133
157134
157135
157136
157137
157138
157139
157140
157141
157142
157143
157144
157145
157146
157147
157148
157149
157150
157151
157152
157153
157154
157155
157156
157157
157158
157159
157160
157161
157162
157163
157164
157165
157166
157167
157168
157169
157170
157171
157172
157173
157174
157175
157176
157177
157178
157179
157180
157181
157182
157183
157184
157185
157186
157187
157188
157189
157190
157191
157192
157193
157194
157195
157196
157197
157198
157199
157200
157201
157202
157203
157204
157205
157206
157207
157208
157209
157210
157211
157212
157213
157215
157216
157217
157218
157219
157220
157221
157222
157223
157224
157225
157226
157227
157228
157229
157230
157231
157232
157233
157234
157235
157236
157237
157238
157239
157240
157241
157242
157243
157244
157245
157246
157247
157248
157249
157250
157251
157252
157253
157254
157255
157256
157257
157258
157259
157260
157261
157262
157263
157264
157265
157266
157267
157268
157269
157270
157272
157273
157274
157275
157276
157277
157279
157280
157281
157282
157283
157284
157285
157286
157287
157288
157289
157290
157291
157292
157293
157294
157295
157296
157297
157298
157299
157300
157301
157302
157303
157304
157305
157306
157307
157308
157309
157310
157311
157312
157313
157314
157315
157316
157317
157318
157319
157320
157321
157322
157323
157324
157325
157326
157327
157328
157329
157330
157331
157332
157333
157334
157335
157336
157337
157338
157339
157340
157341
157342
157343
157344
157345
157346
157347
157348
157349
157350
157351
157352
157353
157354
157355
157356
157357
157358
157359
157360
157361
157362
157363
157364
157365
157366
157367
157368
157369
157370
157371
157372
157373
157374
157375
157376
157377
157378
157379
157380
157381
157382
157383
157384
157385
157386
157387
157388
157389
157390
157391
157392
157393
157394
157395
157396
157397
157398
157399
157400
157401
157402
157403
157404
157405
157406
157407
157408
157409
157410
157411
157412
157413
157414
157415
157416
157417
157418
157419
157420
157421
157422
157423
157424
157425
157426
157427
157428
157429
157430
157431
157432
157433
157434
157435
157436
157437
157438
157439
157440
157441
157442
157443
157444
157445
157446
157447
157448
157449
157450
157451
157452
157453
157454
157455
157456
157457
157458
157459
157460
157461
157462
157463
157464
157465
157466
157467
157468
157469
157470
157471
157472
157473
157474
157475
157476
157477
157478
157479
157480
157481
157482
157483
157484
157485
157486
157487
157488
157489
157490
157491
157492
157493
157494
157495
157496
157497
157498
157499
157500
157501
157502
157503
157504
157505
157506
157507
157508
157509
157510
157511
157512
157513
157514
157515
157516
157517
157518
157519
157520
157521
157522
157523
157524
157525
157526
157527
157528
157529
157530
157531
157532
157533
157534
157535
157536
157537
157538
157539
157540
157541
157542
157543
157544
157545
157546
157547
157548
157549
157550
157551
157552
157553
157555
157556
157557
157558
157559
157560
157561
157562
157563
157564
157565
157566
157567
157568
157569
157570
157571
157572
157573
157574
157575
157576
157577
157578
157579
157580
157581
157582
157583
157584
157585
157586
157587
157588
157589
157590
157591
157592
157593
157594
157595
157596
157597
157598
157599
157600
157601
157602
157603
157604
157605
157606
157607
157608
157609
157610
157611
157612
157613
157614
157615
157616
157617
157618
157619
157620
157621
157622
157623
157624
157625
157626
157627
157628
157629
157630
157631
157632
157633
157634
157635
157636
157637
157638
157639
157640
157641
157642
157643
157644
157645
157646
157647
157648
157649
157650
157651
157652
157653
157654
157655
157656
157657
157658
157659
157660
157661
157662
157663
157664
157665
157666
157667
157668
157669
157670
157671
157672
157673
157674
157675
157676
157677
157678
157679
157680
157681
157682
157683
157684
157685
157686
157687
157688
157689
157690
157691
157692
157693
157694
157695
157696
157697
157698
157699
157700
157701
157702
157703
157704
157705
157706
157707
157708
157709
157710
157711
157712
157713
157714
157715
157716
157717
157718
157719
157720
157721
157722
157723
157724
157725
157726
157727
157728
157729
157730
157731
157732
157733
157734
157735
157736
157737
157738
157739
157740
157741
157742
157743
157744
157745
157746
157747
157748
157749
157750
157751
157752
157753
157754
157755
157756
157757
157758
157759
157760
157761
157762
157763
157764
157765
157766
157767
157768
157769
157770
157771
157772
157773
157774
157775
157776
157777
157778
157779
157780
157781
157782
157783
157784
157785
157786
157787
157788
157789
157790
157791
157792
157793
157794
157795
157796
157797
157798
157799
157800
157801
157802
157803
157804
157805
157806
157807
157808
157809
157810
157811
157812
157813
157814
157815
157816
157817
157818
157819
157820
157821
157822
157823
157824
157825
157826
157827
157828
157829
157830
157831
157832
157833
157834
157835
157836
157837
157838
157839
157840
157841
157842
157843
157844
157845
157846
157847
157848
157849
157850
157851
157852
157853
157854
157855
157856
157857
157858
157859
157860
157861
157862
157863
157864
157865
157866
157867
157868
157869
157872
157873
157874
157875
157876
157877
157878
157879
157880
157881
157882
157883
157884
157885
157886
157887
157888
157889
157890
157891
157892
157893
157894
157895
157896
157897
157898
157899
157900
157901
157902
157903
157904
157905
157906
157907
157908
157909
157910
157911
157912
157913
157914
157915
157916
157917
157918
157919
157920
157921
157922
157924
157925
157926
157927
157929
157930
157931
157932
157933
157934
157935
157936
157937
157938
157939
157940
157941
157942
157943
157944
157945
157946
157947
157948
157949
157950
157951
157952
157953
157954
157955
157956
157957
157958
157959
157960
157961
157962
157963
157964
157965
157966
157967
157968
157969
157970
157971
157972
157973
157974
157975
157976
157977
157978
157979
157980
157981
157982
157983
157984
157985
157986
157987
157988
157989
157990
157991
157992
157993
157994
157995
157996
157997
157998
157999
158000
158001
158002
158003
158004
158005
158006
158007
158008
158009
158010
158011
158012
158013
158014
158015
158016
158017
158018
158019
158020
158021
158022
158023
158024
158025
158026
158027
158028
158029
158030
158031
158032
158033
158034
158035
158036
158037
158038
158039
158040
158041
158042
158043
158044
158045
158046
158047
158048
158049
158050
158051
158052
158053
158054
158055
158056
158057
158058
158059
158060
158061
158062
158063
158065
158066
158067
158068
158069
158070
158071
158072
158073
158074
158075
158076
158077
158078
158079
158080
158081
158082
158083
158084
158085
158086
158087
158088
158089
158090
158091
158092
158093
158094
158095
158096
158097
158098
158099
158100
158101
158102
158103
158104
158105
158106
158107
158108
158109
158110
158111
158112
158114
158115
158116
158117
158118
158119
158120
158121
158122
158123
158124
158125
158126
158127
158128
158129
158130
158131
158132
158133
158134
158135
158136
158137
158138
158139
158140
158141
158142
158143
158144
158145
158146
158147
158148
158149
158150
158151
158152
158153
158154
158155
158156
158157
158158
158159
158160
158161
158162
158163
158164
158165
158166
158167
158168
158169
158170
158171
158172
158173
158174
158175
158176
158177
158178
158179
158180
158181
158182
158183
158184
158185
158186
158187
158188
158189
158190
158191
158192
158193
158194
158195
158196
158197
158198
158199
158200
158201
158202
158203
158204
158205
158206
158207
158208
158209
158210
158211
158212
158213
158214
158215
158216
158217
158218
158219
158220
158221
158222
158223
158224
158225
158226
158227
158228
158229
158230
158231
158232
158233
158234
158235
158236
158237
158238
158239
158240
158241
158242
158243
158244
158245
158246
158247
158248
158249
158250
158251
158252
158253
158254
158255
158256
158257
158258
158259
158260
158261
158262
158263
158264
158265
158266
158267
158268
158269
158270
158271
158272
158273
158274
158275
158276
158277
158278
158279
158280
158281
158282
158283
158284
158285
158286
158287
158288
158289
158290
158291
158292
158293
158295
158296
158297
158298
158299
158300
158301
158302
158303
158304
158305
158306
158307
158308
158309
158310
158311
158312
158313
158314
158315
158316
158317
158318
158319
158320
158321
158322
158323
158324
158325
158326
158327
158328
158329
158330
158331
158332
158333
158334
158335
158336
158337
158338
158339
158340
158341
158342
158343
158344
158345
158346
158347
158348
158349
158350
158351
158352
158353
158354
158355
158356
158357
158358
158359
158360
158361
158362
158363
158364
158365
158366
158367
158368
158369
158370
158371
158372
158373
158374
158375
158376
158377
158378
158379
158380
158381
158382
158383
158384
158385
158386
158387
158388
158389
158390
158391
158392
158393
158394
158395
158396
158397
158398
158399
158400
158401
158402
158403
158404
158405
158406
158407
158408
158409
158410
158411
158412
158413
158414
158415
158416
158417
158418
158419
158420
158421
158422
158423
158424
158425
158426
158427
158428
158429
158430
158431
158432
158433
158434
158435
158436
158437
158438
158439
158440
158441
158442
158443
158444
158445
158446
158447
158448
158449
158450
158451
158452
158453
158454
158456
158457
158458
158459
158460
158461
158462
158463
158464
158465
158466
158467
158468
158469
158470
158471
158472
158473
158474
158475
158476
158477
158478
158479
158480
158481
158482
158483
158484
158485
158486
158487
158488
158489
158490
158491
158492
158493
158494
158495
158496
158497
158498
158499
158500
158501
158502
158503
158504
158505
158506
158507
158508
158509
158510
158511
158512
158513
158514
158515
158516
158517
158518
158519
158520
158521
158522
158523
158524
158525
158526
158527
158528
158529
158530
158531
158532
158533
158534
158535
158536
158537
158538
158539
158540
158541
158542
158543
158544
158545
158546
158547
158548
158549
158550
158551
158552
158553
158554
158555
158556
158557
158558
158559
158560
158561
158562
158563
158564
158565
158566
158567
158568
158569
158570
158571
158572
158573
158574
158575
158576
158577
158578
158579
158580
158581
158582
158583
158584
158585
158586
158587
158588
158589
158590
158591
158592
158593
158594
158595
158596
158597
158598
158599
158600
158601
158602
158603
158604
158605
158606
158607
158608
158609
158610
158611
158612
158613
158614
158615
158616
158617
158618
158619
158620
158621
158622
158623
158624
158625
158626
158627
158628
158629
158630
158631
158632
158633
158634
158635
158636
158637
158638
158639
158640
158641
158642
158643
158644
158645
158646
158647
158648
158649
158650
158651
158652
158653
158654
158655
158656
158657
158658
158659
158660
158661
158662
158663
158664
158665
158666
158667
158668
158669
158670
158671
158672
158673
158674
158675
158676
158677
158678
158679
158680
158681
158682
158683
158684
158685
158686
158687
158688
158689
158690
158691
158692
158693
158694
158695
158696
158697
158698
158699
158700
158701
158702
158703
158704
158706
158707
158708
158709
158710
158711
158712
158713
158714
158715
158716
158717
158718
158719
158720
158721
158722
158723
158724
158725
158726
158727
158728
158729
158730
158731
158732
158733
158734
158735
158736
158737
158738
158739
158740
158741
158742
158743
158744
158745
158746
158747
158748
158749
158750
158751
158752
158753
158754
158755
158756
158757
158758
158759
158760
158761
158762
158763
158764
158765
158766
158767
158768
158769
158770
158771
158772
158773
158774
158777
158778
158779
158780
158781
158782
158783
158784
158785
158786
158787
158788
158789
158790
158791
158792
158793
158794
158795
158796
158797
158798
158799
158800
158801
158802
158803
158804
158805
158806
158807
158808
158809
158810
158811
158812
158813
158814
158815
158816
158817
158818
158819
158820
158821
158822
158823
158824
158825
158826
158827
158828
158829
158830
158831
158832
158833
158834
158835
158836
158837
158838
158839
158840
158841
158842
158843
158844
158845
158846
158847
158850
158851
158852
158853
158854
158855
158856
158857
158858
158859
158860
158861
158862
158863
158864
158865
158866
158867
158868
158870
158871
158872
158873
158874
158875
158876
158877
158878
158879
158880
158881
158882
158883
158884
158885
158886
158887
158888
158889
158890
158891
158892
158893
158894
158895
158896
158897
158898
158899
158900
158901
158902
158903
158904
158905
158906
158907
158908
158909
158910
158911
158912
158913
158914
158915
158916
158917
158918
158919
158920
158921
158922
158923
158924
158925
158926
158927
158928
158929
158930
158931
158932
158933
158934
158935
158937
158938
158939
158940
158941
158942
158943
158944
158945
158946
158947
158948
158949
158950
158951
158952
158953
158954
158955
158956
158957
158958
158959
158960
158961
158962
158963
158964
158965
158966
158968
158969
158970
158971
158972
158973
158974
158975
158976
158977
158978
158979
158980
158981
158982
158983
158984
158985
158986
158987
158988
158989
158990
158991
158992
158993
158994
158995
158996
158997
158998
158999
159000
159001
159002
159003
159004
159005
159006
159007
159008
159009
159010
159011
159012
159013
159014
159015
159016
159017
159018
159019
159020
159021
159022
159023
159024
159025
159026
159027
159028
159029
159030
159031
159032
159033
159034
159035
159036
159037
159038
159039
159040
159041
159042
159043
159044
159045
159046
159047
159048
159049
159050
159053
159054
159055
159056
159057
159058
159059
159060
159061
159062
159063
159064
159065
159066
159067
159068
159069
159070
159071
159072
159073
159074
159075
159076
159077
159078
159079
159080
159081
159082
159083
159084
159085
159086
159087
159088
159089
159090
159091
159092
159093
159094
159095
159096
159097
159098
159099
159100
159101
159102
159103
159104
159105
159106
159107
159108
159110
159111
159112
159113
159114
159115
159116
159117
159118
159119
159120
159121
159122
159123
159124
159125
159126
159127
159128
159129
159130
159131
159132
159133
159134
159135
159136
159137
159138
159139
159140
159141
159142
159143
159144
159145
159146
159147
159148
159149
159150
159151
159152
159153
159154
159155
159156
159157
159158
159159
159160
159161
159162
159163
159164
159165
159166
159167
159168
159169
159170
159171
159172
159173
159174
159175
159176
159177
159178
159179
159180
159181
159182
159183
159184
159185
159186
159187
159188
159189
159190
159191
159192
159193
159194
159195
159196
159197
159198
159199
159200
159201
159202
159203
159204
159205
159206
159207
159208
159209
159210
159211
159212
159213
159214
159215
159216
159217
159218
159219
159220
159221
159222
159223
159224
159225
159226
159227
159228
159229
159230
159231
159232
159233
159234
159235
159236
159237
159238
159239
159240
159241
159242
159243
159244
159245
159246
159247
159248
159249
159250
159251
159252
159253
159254
159255
159256
159257
159259
159260
159261
159262
159263
159264
159265
159266
159267
159268
159269
159270
159271
159272
159273
159274
159275
159276
159277
159278
159279
159280
159281
159282
159283
159284
159285
159286
159287
159288
159289
159290
159291
159292
159293
159294
159295
159296
159297
159300
159301
159302
159303
159304
159305
159306
159308
159309
159310
159311
159312
159313
159314
159315
159316
159317
159318
159319
159320
159321
159322
159323
159324
159325
159326
159327
159328
159329
159330
159331
159332
159333
159334
159335
159336
159337
159338
159339
159340
159341
159342
159343
159344
159345
159346
159347
159348
159349
159350
159351
159352
159353
159354
159355
159356
159357
159358
159359
159360
159361
159362
159363
159364
159365
159366
159367
159368
159369
159372
159373
159374
159375
159376
159377
159378
159381
159382
159383
159384
159385
159386
159387
159388
159389
159390
159391
159392
159393
159394
159395
159396
159397
159398
159399
159400
159401
159402
159403
159404
159405
159406
159407
159408
159409
159410
159411
159412
159413
159414
159415
159416
159417
159418
159419
159420
159421
159422
159423
159424
159425
159426
159427
159428
159429
159430
159431
159432
159433
159434
159435
159436
159437
159438
159439
159440
159441
159442
159443
159444
159445
159446
159447
159448
159449
159450
159451
159452
159453
159454
159455
159456
159457
159458
159459
159460
159461
159462
159463
159464
159465
159466
159469
159470
159471
159472
159473
159474
159475
159476
159477
159478
159479
159480
159481
159482
159483
159484
159485
159486
159487
159488
159489
159490
159491
159492
159493
159494
159495
159496
159497
159498
159499
159500
159501
159502
159503
159504
159505
159506
159507
159508
159509
159510
159511
159512
159513
159514
159515
159516
159517
159518
159519
159522
159523
159524
159525
159526
159527
159528
159529
159530
159531
159532
159533
159534
159535
159536
159537
159538
159539
159540
159541
159542
159543
159544
159545
159546
159547
159548
159549
159550
159551
159552
159553
159554
159555
159556
159557
159558
159559
159560
159561
159562
159563
159565
159566
159567
159568
159569
159570
159571
159572
159573
159574
159575
159576
159577
159578
159579
159580
159581
159582
159583
159584
159585
159586
159587
159588
159589
159590
159591
159592
159593
159594
159595
159596
159597
159598
159599
159600
159601
159602
159603
159604
159605
159606
159607
159608
159609
159610
159611
159612
159613
159614
159615
159616
159617
159618
159619
159620
159621
159622
159623
159624
159625
159626
159627
159628
159629
159630
159631
159632
159634
159635
159636
159637
159638
159639
159640
159641
159642
159643
159644
159645
159646
159647
159648
159649
159650
159652
159653
159654
159655
159656
159657
159658
159659
159660
159661
159662
159663
159664
159665
159666
159667
159668
159669
159670
159671
159672
159673
159674
159675
159676
159677
159678
159679
159680
159681
159682
159684
159685
159686
159687
159688
159689
159690
159691
159692
159693
159694
159695
159696
159697
159698
159699
159700
159701
159702
159703
159704
159705
159706
159707
159708
159709
159710
159711
159712
159713
159714
159715
159716
159717
159718
159719
159720
159721
159722
159723
159724
159725
159726
159727
159728
159729
159730
159731
159732
159733
159734
159735
159736
159738
159739
159740
159741
159742
159743
159744
159745
159746
159747
159748
159749
159750
159751
159752
159753
159754
159755
159756
159757
159758
159759
159760
159761
159762
159763
159766
159767
159768
159769
159770
159771
159772
159773
159774
159775
159776
159781
159782
159783
159784
159785
159786
159787
159788
159789
159790
159792
159793
159794
159795
159796
159797
159798
159799
159800
159801
159803
159805
159806
159807
159808
159809
159810
159811
159812
159813
159816
159817
159818
159819
159822
159823
159824
159825
159826
159827
159828
159831
159832
159833
159834
159835
159836
159837
159838
159839
159840
159841
159842
159843
159844
159845
159846
159847
159848
159849
159850
159853
159854
159855
159856
159857
159858
159859
159860
159861
159862
159863
159864
159865
159866
159867
159868
159869
159870
159872
159873
159874
159875
159876
159877
159878
159880
159881
159882
159883
159884
159885
159886
159888
159889
159890
159891
159892
159893
159894
159895
159896
159897
159898
159899
159900
159901
159902
159903
159904
159905
159906
159907
159908
159909
159910
159911
159912
159915
159916
159917
159918
159919
159920
159921
159922
159924
159925
159926
159927
159928
159929
159931
159932
159933
159934
159935
159936
159937
159938
159939
159940
159941
159942
159943
159944
159945
159946
159947
159948
159951
159953
159954
159955
159956
159957
159958
159960
159963
159964
159965
159966
159967
159968
159969
159970
159973
159974
159975
159976
159977
159978
159979
159980
159981
159982
159983
159984
159985
162973
162974
162975
162976
162977
162978
162979
162980
162981
162982
162983
162984
162985
162986
162987
162988
162989
162990
162991
162992
162993
162994
162995
162996
162997
162998
162999
163000
163001
163002
163003
163004
163005
163006
163007
163008
163009
163010
163011
163012
163013
163014
163015
163016
163017
163018
163019
163020
163021
163022
163023
163024
163025
163026
163027
163028
163029
163030
163031
163032
163033
163034
163035
163036
163037
163038
163039
163040
163041
163042
163043
163044
163045
163046
163047
163048
163049
163050
163051
163052
163053
163054
163055
163056
163057
163058
163059
163060
163061
163062
163063
163064
163065
163066
163067
163068
163069
163070
163071
163072
163073
163074
163075
163076
163077
163078
163079
163080
163081
163082
163083
163084
163085
163086
163087
163088
163089
163090
163091
163092
163093
163094
163095
163096
163097
163098
163099
163100
163101
163102
163103
163104
163105
163106
163107
163108
163109
163110
163111
163112
163113
163114
163115
163116
163117
163118
163119
163120
163121
163122
163123
163124
163125
163126
163127
163128
163129
163130
163131
163132
163133
163134
163135
163136
163137
163138
163139
163140
163141
163142
163143
163144
163145
163146
163147
163148
163149
163150
163151
163152
163153
163154
163155
163156
163157
163158
163159
163160
163161
163162
163163
163164
163165
163166
163167
163168
163169
163170
163171
163172
163173
163174
163175
163176
163177
163178
163179
163180
163181
163182
163183
163184
163185
163186
163187
163188
163189
163190
163191
163192
163193
163194
163195
163196
163197
163198
163199
163200
163201
163202
163203
163204
163205
163206
163207
163208
163209
163210
163211
163212
163213
163214
163215
163216
163217
163218
163219
163220
163221
163222
163223
163224
163225
163226
163227
163228
163229
163230
163231
163232
163233
163234
163235
163236
163237
163238
163239
163240
163241
163242
163243
163244
163245
163246
163247
163248
163249
163250
163251
163252
163253
163254
163255
163256
163257
163258
163259
163260
163261
163262
163263
163264
163265
163266
163267
163268
163269
163270
163271
163272
163273
163274
163275
163276
163277
163278
163279
163280
163281
163282
163283
163284
163285
163286
163287
163288
163289
163290
163291
163292
163293
163294
163295
163296
163297
163298
163299
163300
163301
163302
163303
163304
163305
163306
163307
163308
163309
163310
163311
163312
163313
163314
163315
163316
163317
163318
163319
163320
163321
163322
163323
163324
163325
163326
163327
163328
163329
163330
163331
163332
163333
163334
163335
163336
163337
163338
163339
163340
163341
163342
163343
163344
163345
163346
163347
163348
163349
163350
163351
163352
163353
163354
163355
163356
163357
163358
163359
163360
163361
163362
163363
163364
163365
163366
163367
163368
163369
163370
163371
163372
163373
163374
163375
163376
163377
163378
163379
163380
163381
163382
163383
163384
163385
163386
163387
163388
163389
163390
163391
163392
163393
163394
163395
163396
163397
163398
163399
163400
163401
163402
163403
163404
163405
163406
163407
163408
163409
163410
163411
163412
163413
163414
163415
163416
163417
163418
163419
163420
163421
163422
163423
163424
163425
163426
163427
163428
163429
163430
163431
163432
163433
163434
163435
163436
163437
163438
163439
163440
163441
163442
163443
163444
163445
163446
163447
163448
163449
163450
163451
163452
163453
163454
163455
163456
163457
163458
163459
163460
163461
163462
163463
163464
163465
163466
163467
163468
163469
163470
163471
163472
163473
163474
163475
163476
163477
163478
163479
163480
163481
163482
163483
163484
163485
163486
163487
163488
163489
163490
163491
163492
163493
163494
163495
163496
163497
163498
163499
163500
163501
163502
163503
163504
163505
163506
163507
163508
163509
163510
163511
163512
163513
163514
163515
163516
163517
163518
163519
163520
163521
163522
163523
163524
163525
163526
163527
163528
163529
163530
163531
163532
163533
163534
163535
163536
163537
163538
163539
163540
163541
163542
163543
163544
163545
163546
163547
163548
163549
163550
163551
163552
163553
163554
163555
163556
163557
163558
163559
163560
163561
163562
163563
163564
163565
163566
163567
163568
163569
163570
163571
163572
163573
163574
163575
163576
163577
163578
163579
163580
163581
163582
163583
163584
163585
163586
163587
163588
163589
163590
163591
163592
163593
163594
163595
163596
163597
163598
163599
163600
163601
163602
163603
163604
163605
163606
163607
163608
163609
163610
163611
163612
163613
163614
163615
163616
163617
163618
163619
163620
163621
163622
163623
163624
163625
163626
163627
163628
163629
163630
163631
163632
163633
163634
163635
163636
163637
163638
163639
163640
163641
163642
163643
163644
163645
163646
163647
163648
163649
163650
163651
163652
163653
163654
163655
163656
163657
163658
163659
163660
163661
163662
163663
163664
163665
163666
163667
163668
163669
163670
163671
163672
163673
163674
163675
163676
163677
163678
163679
163680
163681
163682
163683
163684
163685
163686
163687
163688
163689
163690
163691
163692
163693
163694
163695
163696
163697
163698
163699
163700
163701
163702
163703
163704
163705
163706
163707
163708
163709
163710
163711
163712
163713
163714
163715
163716
163717
163718
163719
163720
163721
163722
163723
163724
163725
163726
163727
163728
163729
163730
163731
163732
163733
163734
163735
163736
163737
163738
163739
163740
163741
163742
163743
163744
163745
163746
163747
163748
163749
163750
163751
163752
163753
163754
163755
163756
163757
163758
163759
163760
163761
163762
163763
163764
163765
163766
163767
163768
163769
163770
163771
163772
163773
163774
163775
163776
163777
163778
163779
163780
163781
163782
163783
163784
163785
163786
163787
163788
163789
163790
163791
163792
163793
163794
163795
163796
163797
163798
163799
163800
163801
163802
163803
163804
163805
163806
163807
163808
163809
163810
163811
163812
163813
163814
163815
163816
163817
163818
163819
163820
163821
163822
163823
163824
163825
163826
163827
163828
163829
163830
163831
163832
163833
163834
163835
163836
163837
163838
163839
163840
163841
163842
163843
163844
163845
163846
163847
163848
163849
163850
163851
163852
163853
163854
163855
163856
163857
163858
163859
163860
163861
163862
163863
163864
163865
163866
163867
163868
163869
163870
163871
163872
163873
163874
163875
163876
163877
163878
163879
163880
163881
163882
163883
163884
163885
163886
163887
163888
163889
163890
163891
163892
163893
163894
163895
163896
163897
163898
163899
163900
163901
163902
163903
163904
163905
163906
163907
163908
163909
163910
163911
163912
163913
163914
163915
163916
163917
163918
163919
163920
163921
163922
163923
163924
163925
163926
163927
163928
163929
163930
163931
163932
163933
163934
163935
163936
163937
163938
163939
163940
163941
163942
163943
163944
163945
163946
163947
163948
163949
163950
163951
163952
163953
163954
163955
163956
163957
163958
163959
163960
163961
163962
163963
163964
163965
163966
163967
163968
163969
163970
163971
163972
163973
163974
163975
163976
163977
163978
-8250
-8258
-8268
-8278
-8288
-8298
-8308
-8318
-8328
-8338
-8348
-8358
-8367
-8375
-8385
-8394
-8402
-8411
-8419
-8428
-8436
-8445
-8453
-8462
-8470
-8479
-8487
-8496
-8504
-8514
-8523
-8531
-8541
-8551
-8561
-8571
-8582
-8593
-8602
-8613
-8622
-8633
-8642
-8653
-8662
-8673
-8682
-8693
-8702
-8713
-8722
-8733
-8742
-8753
-8762
-8773
-8782
-8793
-8802
-8813
-8822
-8833
-8842
-8853
-8862
-8873
-8882
-8893
-8902
-8913
-8922
-8933
-8942
-8953
-8962
-8973
-8982
-8993
-9002
-9013
-9020
-9029
-9042
-9055
-9068
-9081
-9094
-9107
-9120
-9133
-9146
-9159
-9172
-9185
-9198
-9211
-9224
-9237
-9250
-9263
-9276
-9289
-9302
-9315
-9326
-9335
-9346
-9355
-9366
-9375
-9386
-9395
-9406
-9415
-9426
-9435
-9446
-9455
-9466
-9475
-9486
-9495
-9506
-9515
-9526
-9535
-9546
-9555
-9566
-9575
-9586
-9595
-9606
-9615
-9626
-9635
-9646
-9655
-9666
-9675
-9686
-9695
-9706
-9715
-9728
-9739
-9748
-9759
-9768
-9779
-9788
-9799
-9808
-9819
-9828
-9839
-9848
-9859
-9868
-9879
-9888
-9899
-9908
-9919
-9928
-9939
-9948
-9959
-9968
-9979
-9988
-9999
-10008
-10019
-10028
-10039
-10048
-10059
-10068
-10079
-10088
-10099
-10106
-10114
-10124
-10134
-10144
-10154
-10164
-10174
-10184
-10194
-10204
-10213
-10221
-10230
-10237
-10245
-10255
-10265
-10275
-10285
-10294
-10302
-10312
-10322
-10331
-10338
-10345
-10354
-10367
-10380
-10393
-10406
-10419
-10432
-10445
-10457
-10468
-10481
-10494
-10507
-10520
-10533
-10546
-10559
-10572
-10584
-10595
-10606
-10614
-10623
-10630
-10637
-10644
-10651
-10658
-10665
-10672
-10679
-10686
-10693
-10700
-10707
-10714
-10721
-10728
-10735
-10742
-10749
-10756
-10763
-10770
-10777
-10784
-10791
-10798
-10805
-10812
-10819
-10826
-10833
-10840
-10847
-10854
-10861
-10868
-10875
-10882
-10889
-10896
-10903
-10910
-10917
-10924
-10931
-10938
-10945
-10952
-10959
-10966
-10973
-10980
-10987
-10994
-11001
-11008
-11015
-11022
-11029
-11036
-11043
-11050
-11057
-11065
-11075
-11085
-11094
-11102
-11112
-11122
-11132
-11142
-11152
-11162
-11172
-11182
-11191
-11199
-11208
-11216
-11226
-11235
-11243
-11252
-11260
-11269
-11277
-11286
-11294
-11303
-11311
-11320
-11327
-11335
-11345
-11355
-11364
-11372
-11381
-11389
-11399
-11409
-11419
-11429
-11438
-11446
-11455
-11463
-11472
-11480
-11489
-11497
-11506
-11514
-11523
-11531
-11540
-11548
-11557
-11565
-11574
-11582
-11591
-11599
-11608
-11616
-11625
-11633
-11642
-11650
-11659
-11667
-11676
-11684
-11693
-11701
-11710
-11718
-11727
-11735
-11744
-11752
-11761
-11769
-11778
-11786
-11796
-11806
-11816
-11825
-11833
-11842
-11849
-11857
-11866
-11873
-11881
-11891
-11901
-11911
-11920
-11928
-11938
-11948
-11958
-11968
-11978
-11988
-11998
-12008
-12018
-12027
-12035
-12044
-12052
-12061
-12069
-12079
-12088
-12096
-12105
-12113
-12122
-12130
-12139
-12147
-12156
-12164
-12173
-12181
-12190
-12198
-12207
-12215
-12224
-12232
-12241
-12249
-12258
-12266
-12275
-12283
-12292
-12300
-12309
-12317
-12326
-12334
-12343
-12351
-12360
-12368
-12377
-12385
-12395
-12404
-12412
-12422
-12431
-12439
-12448
-12456
-12465
-12473
-12482
-12490
-12499
-12506
-12514
-12523
-12531
-12540
-12548
-12557
-12565
-12574
-12581
-12589
-12598
-12606
-12615
-12623
-12632
-12640
-12649
-12657
-12666
-12674
-12683
-12691
-12700
-12707
-12715
-12724
-12731
-12739
-12748
-12755
-12763
-12772
-12779
-12787
-12796
-12804
-12813
-12820
-12827
-12834
-12842
-12852
-12862
-12872
-12882
-12892
-12902
-12912
-12922
-12933
-12945
-12955
-12964
-12971
-12978
-12985
-12992
-12999
-13007
-13016
-13023
-13031
-13041
-13051
-13060
-13067
-13075
-13084
-13091
-13099
-13108
-13116
-13125
-13133
-13142
-13149
-13156
-13164
-13174
-13183
-13190
-13197
-13205
-13214
-13222
-13232
-13241
-13249
-13259
-13268
-13276
-13285
-13292
-13299
-13306
-13313
-13320
-13327
-13334
-13341
-13348
-13355
-13362
-13369
-13376
-13383
-13390
-13398
-13407
-13414
-13421
-13428
-13435
-13442
-13449
-13456
-13463
-13470
-13477
-13484
-13492
-13502
-13512
-13522
-13532
-13542
-13552
-13562
-13572
-13581
-13588
-13596
-13606
-13616
-13625
-13633
-13642
-13650
-13659
-13667
-13676
-13683
-13691
-13701
-13710
-13717
-13725
-13734
-13742
-13751
-13759
-13768
-13776
-13785
-13793
-13803
-13813
-13823
-13833
-13842
-13850
-13859
-13867
-13876
-13884
-13893
-13901
-13910
-13918
-13927
-13935
-13945
-13955
-13965
-13975
-13984
-13992
-14002
-14012
-14022
-14031
-14039
-14049
-14059
-14068
-14076
-14085
-14093
-14102
-14110
-14119
-14127
-14136
-14144
-14153
-14160
-14168
-14177
-14185
-14194
-14202
-14211
-14219
-14228
-14235
-14243
-14252
-14259
-14267
-14276
-14284
-14293
-14301
-14310
-14318
-14328
-14337
-14345
-14354
-14361
-14369
-14379
-14388
-14395
-14403
-14412
-14419
-14427
-14437
-14446
-14453
-14461
-14470
-14477
-14485
-14494
-14501
-14508
-14516
-14525
-14532
-14540
-14549
-14557
-14567
-14576
-14584
-14593
-14600
-14608
-14618
-14627
-14635
-14644
-14651
-14658
-14666
-14675
-14682
-14690
-14699
-14706
-14714
-14724
-14733
-14740
-14748
-14757
-14765
-14775
-14783
-14789
-14799
-14809
-14818
-14826
-14836
-14845
-14853
-14862
-14870
-14880
-14890
-14900
-14909
-14916
-14923
-14930
-14937
-14944
-14951
-14959
-14968
-14976
-14985
-14993
-15003
-15013
-15022
-15029
-15036
-15044
-15053
-15060
-15067
-15074
-15082
-15092
-15102
-15112
-15121
-15128
-15136
-15145
-15152
-15160
-15169
-15176
-15184
-15193
-15201
-15210
-15218
-15227
-15234
-15242
-15251
-15259
-15268
-15276
-15286
-15296
-15305
-15312
-15320
-15329
-15336
-15343
-15349
-15354
-15362
-15371
-15378
-15385
-15392
-15400
-15409
-15417
-15427
-15436
-15444
-15453
-15461
-15471
-15480
-15488
-15497
-15505
-15514
-15521
-15529
-15538
-15544
-15550
-15560
-15569
-15577
-15587
-15596
-15604
-15613
-15621
-15630
-15637
-15644
-15652
-15661
-15669
-15678
-15686
-15695
-15703
-15712
-15720
-15729
-15737
-15746
-15754
-15763
-15771
-15780
-15787
-15793
-15799
-15807
-15812
-15820
-15828
-15834
-15842
-15847
-15855
-15864
-15872
-15881
-15889
-15899
-15908
-15915
-15923
-15932
-15940
-15950
-15959
-15966
-15973
-15981
-15990
-15997
-16004
-16012
-16021
-16028
-16035
-16043
-16053
-16062
-16069
-16076
-16084
-16094
-16103
-16110
-16118
-16127
-16134
-16142
-16152
-16161
-16168
-16175
-16182
-16189
-16196
-16204
-16213
-16221
-16232
-16243
-16250
-16257
-16264
-16272
-16280
-16286
-16295
-16302
-16310
-16319
-16328
-16340
-16349
-16356
-16364
-16373
-16381
-16390
-16398
-16407
-16415
-16424
-16431
-16438
-16446
-16456
-16466
-16475
-16482
-16489
-16496
-16503
-16512
-16524
-16532
-16538
-16547
-16555
-16565
-16575
-16584
-16591
-16599
-16609
-16619
-16629
-16638
-16646
-16656
-16666
-16676
-16685
-16693
-16702
-16710
-16719
-16727
-16736
-16743
-16749
-16754
-16762
-16772
-16782
-16791
-16798
-16805
-16811
-16817
-16827
-16837
-16847
-16856
-16864
-16873
-16880
-16888
-16897
-16905
-16914
-16920
-16925
-16932
-16940
-16949
-16956
-16964
-16973
-16981
-16991
-17000
-17008
-17017
-17025
-17034
-17040
-17046
-17056
-17064
-17070
-17078
-17082
-17087
-17095
-17105
-17114
-17121
-17129
-17138
-17145
-17151
-17156
-17163
-17171
-17180
-17187
-17195
-17204
-17210
-17216
-17227
-17237
-17242
-17250
-17260
-17269
-17276
-17283
-17290
-17296
-17300
-17305
-17312
-17320
-17329
-17335
-17340
-17348
-17357
-17364
-17372
-17382
-17390
-17394
-17398
-17402
-17408
-17418
-17428
-17437
-17445
-17454
-17460
-17466
-17476
-17485
-17493
-17501
-17507
-17516
-17524
-17534
-17543
-17549
-17554
-17562
-17571
-17578
-17585
-17592
-17600
-17609
-17616
-17625
-17636
-17643
-17649
-17654
-17661
-17669
-17680
-17691
-17699
-17708
-17715
-17722
-17728
-17733
-17739
-17743
-17749
-17757
-17763
-17773
-17781
-17786
-17794
-17803
-17810
-17816
-17820
-17824
-17828
-17834
-17844
-17853
-17861
-17869
-17874
-17881
-17887
-17892
-17898
-17903
-17910
-17917
-17923
-17928
-17935
-17941
-17945
-17950
-17956
-17960
-133598
-133606
-133622
-133626
-133634
-133638
-133665
-133669
-133673
-133677
-133680
-133687
-133711
-133714
-133728
-133732
-133736
-133748
-133756
-133759
-133762
-133765
-133772
-133786
-133789
-133797
-133805
-133812
-133820
-133824
-133868
-133872
-133879
-133891
-133895
-133903
-133922
-133930
-133942
-133950
-133954
-133958
-133961
-133965
-133969
-133973
-133996
-134011
-134015
-134019
-134029
-134049
-134052
-134066
-134075
-134079
-134083
-134094
-134098
-134111
-134135
-134142
-134153
-134157
-134165
-134168
-134190
-134214
-134246
-134251
-134255
-134265
-134269
-134276
-134289
-134301
-134305
-134308
-134315
-134326
-134340
-134348
-134358
-134364
-134370
-134383
-134387
-134397
-134401
-134413
-134421
-134436
-134457
-134460
-134478
-134481
-134492
-134495
-134503
-134509
-134516
-134518
-134532
-134537
-134540
-134571
-134575
-134584
-134589
-134594
-134598
-134605
-134608
-134612
-134633
-134647
-134662
-134682
-134684
-134693
-134719
-134733
-134745
-134749
-134768
-134776
-134780
-134782
-134784
-134788
-134793
-134804
-134807
-134810
-134817
-134828
-134831
-134833
-134842
-134856
-134862
-134876
-134880
-134899
-134905
-134911
-134933
-134940
-134947
-134952
-134977
-134984
-134987
-135003
-135016
-135020
-135024
-135032
-135035
-135039
-135045
-135049
-135053
-135056
-135070
-135074
-135076
-135089
-135092
-135100
-135110
-135112
-135115
-135119
-135132
-135146
-135155
-135158
-135166
-135168
-135173
-135195
-135201
-135205
-135214
-135222
-135237
-135272
-135282
-135315
-135333
-135345
-135372
-135373
-135377
-135379
-135392
-135404
-135409
-135419
-135425
-135445
-135450
-135467
-135474
-135477
-135480
-135483
-135502
-135504
-135507
-135516
-135521
-135524
-135531
-135534
-135539
-135545
-135569
-135575
-135587
-135589
-135592
-135603
-135608
-135619
-135620
-135626
-135630
-135643
-135645
-135649
-135671
-135678
-135706
-135708
-135720
-135725
-135727
-135733
-135738
-135746
-135754
-135756
-135764
-135770
-135798
-135807
-135815
-135836
-135843
-135852
-135854
-135855
-135857
-135860
-135869
-135870
-135878
-135894
-135909
-135921
-135939
-135946
-135955
-135969
-135974
-135978
-135981
-135987
-135997
-136006
-136008
-136024
-136039
-136042
-136049
-136052
-136055
-136060
-136072
-136074
-136076
-136079
-136082
-136089
-136097
-136102
-136110
-136115
-136119
-136122
-136125
-136133
-136138
-136140
-136142
-136152
-136154
-136165
-136169
-136174
-136179
-136181
-136188
-136193
-136196
-136206
-136213
-136220
-136226
-136227
-136230
-136234
-136241
-136244
-136251
-136259
-136262
-136267
-136268
-136273
-136275
-136278
-136279
-136311
-136314
-136316
-136326
-136329
-136331
-136332
-136343
-136346
-136350
-136364
-136367
-136387
-136395
-136398
-136405
-136408
-136410
-136411
-136413
-136415
-136418
-136420
-136422
-136426
-136428
-136448
-136450
-136452
-136457
-136460
-136479
-136485
-136487
-136496
-136501
-136506
-136509
-136517
-136520
-136522
-136526
-136527
-136530
-136535
-136544
-136555
-136560
-136565
-136567
-136570
-136571
-136572
-136587
-136610
-136612
-136614
-136617
-136621
-136626
-136629
-136638
-136639
-136641
-136643
-136653
-136669
-136677
-136684
-136689
-136690
-136701
-136704
-136728
-136748
-136751
-136761
-136765
-136766
-136773
-136783
-136788
-136793
-136795
-136798
-136820
-136826
-136828
-136833
-136836
-136846
-136849
-136856
-136870
-136880
-136884
-136900
-136903
-136909
-136924
-136925
-136926
-136927
-136929
-136936
-136937
-136940
-136942
-136952
-136964
-136971
-136980
-136982
-136985
-136986
-136998
-137001
-137003
-137011
-137012
-137015
-137017
-137019
-137023
-137031
-137034
-137036
-137038
-137042
-137043
-137046
-137048
-137053
-137056
-137063
-137067
-137072
-137074
-137077
-137105
-137112
-137113
-137116
-137120
-137121
-137122
-137128
-137130
-137131
-137132
-137135
-137136
-137142
-137143
-137144
-137150
-137160
-137161
-137164
-137166
-137168
-137173
-137176
-137182
-137186
-137198
-137209
-137217
-137222
-137228
-137229
-137230
-137249
-137267
-137276
-137297
-137309
-137312
-137313
-137315
-137320
-137322
-137324
-137338
-137346
-137349
-137353
-137355
-137357
-137375
-137388
-153893
156734
)


// ************************************************************************* //
