/*--------------------------------*- C++ -*----------------------------------*\
| =========                 |                                                 |
| \\      /  F ield         | OpenFOAM: The Open Source CFD Toolbox           |
|  \\    /   O peration     | Version:  2512                                  |
|   \\  /    A nd           | Website:  www.openfoam.com                      |
|    \\/     M anipulation  |                                                 |
\*---------------------------------------------------------------------------*/
FoamFile
{
    version     2.0;
    format      ascii;
    arch        "LSB;label=32;scalar=64";
    note        "nPoints:1330  nCells:3634  nFaces:8596  nInternalFaces:5940";
    class       labelList;
    location    "constant/basis/polyMesh";
    object      neighbour;
}
// * * * * * * * * * * * * * * * * * * * * * * * * * * * * * * * * * * * * * //


5940
(
683
2684
3425
3545
799
3520
168
748
3369
3498
1090
1344
2971
2661
2888
3130
1055
2181
2548
3107
268
851
969
2167
2227
3413
2702
2989
3629
62
2129
2790
3079
24
596
3194
772
3178
3420
119
1044
1416
886
1914
2158
2380
2413
3060
3633
385
1364
2412
2527
813
820
2654
2886
318
1234
2764
2945
142
660
1161
2688
58
105
1509
2637
1658
1915
2273
2382
2591
2936
3435
305
234
371
3011
3606
2412
3203
987
1425
1773
1848
52
464
1131
594
1615
2370
614
752
1458
2976
165
957
2422
3481
160
178
482
1377
2048
2476
2924
391
1499
3383
399
400
2955
690
1516
2016
2988
723
2231
2934
1097
1850
3538
55
261
2342
2481
409
559
560
563
2050
3027
3246
188
1650
2822
3145
157
637
1967
891
1854
2432
1704
2639
2763
3591
2327
2431
3581
749
2509
2533
1917
2233
2295
362
2206
2307
3535
57
220
221
128
273
2506
1225
1531
2551
222
1462
2593
1401
1449
3028
59
220
2342
332
983
2501
3146
1099
2173
1189
1617
3622
1374
2015
2193
3010
60
221
850
1295
2516
62
96
339
109
2568
2532
2913
3216
3626
670
688
1030
982
1024
2986
415
2083
2127
391
1824
2036
389
2870
142
559
563
660
1733
2769
3020
1457
2594
2646
108
259
2327
84
351
1124
544
1058
2358
2650
723
2566
2610
1051
1621
1029
1243
3345
91
130
3133
80
1496
2584
390
2483
320
2486
2584
1144
1275
1282
1903
407
1973
2443
1612
3277
88
277
3510
1303
1789
2673
3583
218
1738
2187
390
396
2868
118
375
967
2529
2566
2832
3308
92
1843
408
1679
3400
1364
1975
3032
1646
1713
3103
597
1700
97
101
100
828
2568
349
2442
3380
838
1651
1827
2078
1808
1863
926
1863
2059
116
2781
2787
2796
116
2787
3121
286
1654
2377
2378
534
3015
687
1542
203
3485
3508
125
767
1307
339
3083
114
2791
3073
3142
1464
2589
2976
359
2223
3355
2463
3049
3236
1390
1754
1596
2979
3108
3080
3482
225
297
840
726
1152
1419
2753
3270
1230
1299
2010
125
126
2951
3491
1135
1557
3495
497
2510
3153
3341
1540
3180
3576
1524
133
1524
166
1806
2792
275
976
1753
133
256
426
1679
2606
2678
2072
3159
564
849
2148
2485
880
1541
2261
453
1420
1681
1047
2249
3480
902
1214
1685
834
935
3522
170
519
1943
670
1285
3474
366
1149
1388
1932
3319
1072
1625
1627
2066
1138
1786
1800
269
2057
2435
755
3522
3559
760
1187
2013
3165
1165
2880
3089
262
1985
2029
2685
1346
1438
2136
3363
725
828
2164
154
155
1670
1611
2938
3270
1439
1539
1967
157
2836
989
2699
2916
1980
2767
191
205
559
586
173
1797
1330
1503
3591
961
1248
1368
3031
178
181
1431
2207
1948
1955
2417
1794
2829
2990
400
525
1288
3000
254
1290
1610
2953
737
1381
254
1610
1665
2485
1310
2502
176
988
1486
2956
1339
1433
1799
281
3393
3547
350
1473
2079
1315
3336
3340
922
1571
2686
3394
3395
184
1359
1616
3430
1918
3257
3354
184
1324
517
2617
3095
1559
2708
3059
2061
2490
2025
2989
3623
1423
2576
2820
2047
2049
2315
3254
3144
3353
555
1325
1649
2126
2217
2867
555
560
2065
2298
2331
205
586
3144
3145
200
450
1372
1120
2737
2741
2975
276
1636
2429
2722
226
644
3521
843
1193
3496
204
2432
2481
945
1277
1310
1613
2622
1558
1625
1873
1193
1755
787
903
1649
2531
3273
3422
744
746
2399
235
2484
2930
211
2468
2847
1009
2979
3181
3359
910
1770
3197
1244
2080
2440
2357
2531
3273
2159
2187
2804
218
1842
2187
1290
1514
1571
1426
1751
3240
3242
732
1202
1793
2213
2338
3077
3452
1739
1470
2427
2646
2794
2812
3162
931
2558
2824
3113
834
3367
485
1548
2723
1508
1537
1899
367
2416
2985
2557
2719
2972
545
2194
2425
412
2154
3002
3421
644
1545
3048
644
1545
3509
2287
3600
3558
3589
1116
2724
2933
737
1246
3260
386
2587
3066
244
1189
1944
957
1498
2249
3481
1190
1655
3052
507
712
2841
1107
1324
1379
3104
2014
2922
851
1173
3616
248
563
916
996
2474
3050
409
1510
740
1158
1176
2545
2578
2854
3455
285
710
1766
2966
257
841
1750
3309
847
1153
1628
1652
638
1792
2135
3172
1000
1205
1665
444
2299
2352
594
1179
2765
1307
1730
3007
432
1818
2000
1099
2432
768
2039
765
2570
2578
3022
855
901
936
2768
1751
2341
3199
3240
1041
1122
1612
2378
271
1779
1807
290
1048
3212
979
3063
3546
931
1840
2800
3113
878
1826
2506
679
2664
3412
275
1800
2543
1316
1600
1911
1784
2304
2466
1116
2694
668
2133
3016
1102
2664
2670
641
1748
3021
3005
959
1099
1854
1115
2011
3206
298
433
1360
1382
804
1725
1041
1643
715
1871
1395
2401
3624
2771
2811
3551
1608
2000
923
1049
2775
2471
2848
2967
301
2620
2623
298
882
1731
2500
727
1238
2141
2275
2425
3258
2005
2405
3226
1446
1190
1192
3032
312
567
624
2099
1970
1999
2037
1566
1612
2014
2062
758
2195
2200
2644
361
1111
1265
1518
1629
796
1626
2306
816
1414
2651
3338
744
2103
2999
311
1321
3314
805
1883
2334
1680
1751
2806
2896
1648
2210
2959
319
2992
3110
3112
2007
2470
3336
769
1095
3633
808
2722
3389
3521
319
341
1369
323
1315
3147
1452
1470
3594
937
1552
1894
602
1855
3340
456
2039
2676
2083
2127
2151
440
941
972
1345
405
1477
2229
590
680
1572
720
2096
2677
1576
2756
2793
1136
1572
3111
1156
3496
2047
2206
3254
3535
1868
2298
3628
340
1666
1786
789
793
1329
3627
1007
1807
3408
598
2056
3083
3084
924
1031
2053
2138
1175
1409
2945
2072
2726
2741
1151
1168
2118
3315
346
1151
1168
1440
1211
1545
3048
1444
3444
691
1385
3346
1794
2990
352
651
3384
565
1075
2108
2382
2944
2947
1870
2442
1180
1194
3035
2107
3003
1038
1815
1879
2596
3159
532
789
2123
1196
1497
3421
3567
474
543
1202
1869
2726
2737
1838
2166
2318
2346
3320
617
1823
3328
978
1778
1786
2180
2758
3148
1638
2632
3441
1112
1225
3427
411
1130
3166
1309
1977
2137
3379
1981
2287
398
807
1956
970
1117
1445
2244
625
1178
687
706
389
1794
1053
2878
3093
3100
449
1115
3398
1979
2385
3254
828
1813
2164
382
393
2526
2492
2496
3264
2031
2847
3026
3197
386
939
1468
531
1353
2147
790
1698
1369
1865
2190
2044
2782
2786
3296
785
1805
3510
392
412
3002
2496
2719
395
955
2540
1374
2172
3076
1079
1496
3345
1817
3163
3260
401
864
1668
432
435
2000
435
526
807
2670
408
1844
2175
3404
2696
3216
3265
3626
413
1809
2816
3183
691
1317
2043
570
1657
1929
3274
885
2266
1862
3349
533
1426
1656
451
1934
3417
416
2874
1583
2814
3533
1801
2843
2816
2825
1864
2487
2730
1736
2046
3503
1624
3123
3245
511
944
1534
1742
1860
3174
3388
1033
2309
2454
2799
2160
2445
3525
905
1142
1487
451
1306
3237
783
1205
3448
444
3065
3459
541
2601
3233
3470
1829
1999
2623
1121
1431
2207
2639
980
1129
1207
2216
2762
2502
3017
890
2817
3471
3621
2441
2819
3070
446
448
616
1160
713
2710
3234
1592
2858
3598
871
2879
723
805
2572
2081
2332
3148
445
1682
2372
2391
1070
724
3070
1282
1992
1271
3215
3293
1992
1404
1919
608
3124
3245
2105
3450
456
768
2355
697
2356
2618
683
1244
3564
914
1461
2892
2893
2150
652
2715
2840
498
520
859
2869
1059
2071
3372
1167
2071
3372
1043
1527
2023
1106
1163
1167
2106
1230
2825
3392
571
1500
3028
826
863
1081
1253
660
916
3348
1064
2700
2927
3157
489
499
1208
2656
2907
3566
1163
1865
2071
1018
2973
3009
914
1461
3045
1728
2098
2223
771
798
888
1547
3118
3557
1327
3015
3351
940
951
2973
1491
1906
2831
1583
1677
3548
821
1201
2040
2186
2835
1406
1503
3177
770
1912
3290
3468
526
2955
3058
1720
3062
1621
3118
3625
1300
2233
3396
1544
1617
2376
3593
1206
1209
3511
823
825
3062
610
1125
1674
1820
1006
1598
3188
672
3316
3352
1130
2155
3166
873
1027
3098
3208
658
2242
2472
2728
1103
1370
3217
996
2615
672
2163
1074
2445
2446
1380
1691
2128
1308
2511
2789
591
985
2531
1024
2002
2986
641
2124
2337
643
827
1792
554
1817
3167
1953
3248
3275
3516
1215
2672
2673
696
2523
2574
2226
3530
583
1413
2051
3366
844
3367
3519
2178
2247
2417
1411
1901
3376
1130
1899
2191
1675
1731
519
2479
2502
2004
996
3134
2149
2858
3011
875
2274
2376
1044
2755
3298
3479
1014
1336
2297
2954
1685
2422
2703
1685
1476
2226
3087
1894
2254
2511
837
1941
2628
766
807
1896
1082
2413
2737
2975
536
2649
746
942
576
674
1242
1823
3241
3242
722
2924
3048
1837
2552
3223
554
1689
2839
3320
718
2438
2901
1796
3564
1148
2101
3205
1738
2223
1354
2241
3253
3301
3478
2559
3625
550
2926
1372
1835
2510
1318
3334
3339
553
2240
2802
1348
2053
2475
1939
2227
2939
2970
3179
2841
2963
3476
1962
2174
3597
1110
2165
2285
3182
1659
2653
2826
3476
895
1672
1971
574
2050
2562
1457
1732
1947
2669
3590
607
901
936
2778
631
1513
1258
2264
3615
2643
2647
2677
1149
3278
574
3418
1901
1968
2520
3232
1029
1243
1845
1042
2307
2346
3533
617
1829
2041
1327
2400
3015
1067
2262
2406
1078
1996
2707
720
1528
2647
2632
2634
1940
2048
2477
2924
591
2439
679
2324
3407
1317
1475
2604
3319
591
1413
2531
1495
1497
2158
3567
834
2853
3522
1136
1581
3399
3295
611
1194
2799
738
915
929
2214
1553
2476
2721
3134
848
2526
3264
1534
1742
3534
2466
3483
1702
1872
2756
995
1559
2144
1706
2232
2416
2584
2636
611
1241
1783
3033
719
1410
2657
1251
1397
2436
621
1220
2826
3039
1051
1277
1597
1583
1677
3532
3550
1647
2662
1184
2752
1259
2348
2752
615
921
962
2969
2974
1679
2491
3400
854
700
768
2355
2463
1064
2700
2863
3575
963
1220
2493
2491
2653
846
2598
2604
639
1572
3040
631
1780
2189
3082
3185
3209
3281
1053
3368
3548
731
1073
1746
1532
2167
2227
2067
2213
3151
2619
3331
1250
1534
2082
635
2813
3033
2247
2498
2658
2686
3122
1464
3116
3406
1317
2043
2767
1530
2583
1333
1564
2338
2232
2235
2529
2832
1040
2251
2023
2381
2905
1043
3488
1548
650
655
718
2534
3030
3333
650
655
1941
2372
2391
2775
2780
1231
2288
2291
1770
3197
2082
3534
1889
2821
2937
999
3494
3575
2012
2219
3014
665
837
1989
1995
2003
659
662
726
1008
2557
1619
3160
662
1641
2581
1257
1640
1316
2321
2426
3484
2640
3193
3601
718
2919
669
795
1239
2513
675
682
3167
2239
2439
3295
1279
2524
966
883
2241
2846
893
3515
712
1237
3167
676
2116
1223
1237
3263
1823
2122
2174
1326
2990
775
1177
2581
1959
2139
2590
3040
761
775
947
693
2310
3263
3262
1427
1778
3422
1233
1672
2390
1516
1728
2223
1418
1492
796
3493
739
1002
1085
1922
2008
2229
971
1088
2228
3413
2457
3163
728
1038
1732
954
1147
1422
1741
700
1969
3579
1218
3056
1922
2590
2612
1182
1777
2333
3120
2523
705
1111
1420
2698
2961
3171
879
2798
3632
1365
1750
2305
1114
1279
1407
711
716
1492
970
1240
1632
1996
2484
3565
3589
1345
1478
2996
987
1294
715
1586
3252
714
1110
986
1231
1811
716
1340
1734
2703
3025
1698
2064
3538
3419
911
1729
3198
996
2474
2476
2838
1682
2818
2129
2568
967
1955
2417
1948
1955
1479
1656
2171
1484
2199
3512
1532
2332
3454
773
1840
840
3226
3370
735
1248
1368
736
2518
2707
3391
3602
753
1404
1764
759
1311
3237
1306
2750
832
877
2684
784
1027
3208
1319
1322
1324
1143
2400
1208
2542
3376
1712
2400
1208
3376
3547
753
2883
1614
2104
813
2547
2651
2654
797
1405
2186
3330
756
2344
1625
2248
2325
1605
2054
3561
2170
2246
758
1137
1982
1978
2891
1085
2743
1984
2801
777
2815
3614
770
771
2845
3468
1367
1953
2817
1926
2080
2098
3355
1591
3068
824
1448
2327
3491
1833
1090
1344
1361
2558
773
3060
3633
1202
2845
2016
2085
3158
777
2074
1087
1351
1352
1905
2119
2120
3444
1620
2663
2666
2667
781
947
1177
1987
2619
2964
853
2112
2576
2665
3146
1356
3362
2870
3086
801
904
2940
801
830
2433
958
2759
2888
2842
1468
2919
1435
1923
2122
3328
1801
2713
3631
1387
1402
2674
2682
2705
3414
2524
3415
2489
3141
1402
1403
3627
1171
1400
835
2180
2374
1405
2183
3585
804
1844
1862
2421
3461
3508
3036
1706
2838
2374
2610
2758
2904
979
1080
1359
1684
2469
1862
2179
3036
814
825
1761
2571
2734
3044
3338
2723
3062
1238
1812
1960
2551
2994
1703
2360
2860
1888
1984
2003
1014
1552
2789
2102
1743
3382
823
919
2257
2899
3211
2904
3097
1037
1760
1450
1662
1527
1530
1808
2286
3391
3599
904
1597
1546
1934
1993
2190
1427
2530
3271
1383
1519
2030
2405
1707
1192
2887
3080
3053
3343
1399
2019
846
853
1787
844
887
2898
3065
2230
2556
3227
1156
3508
1920
1261
3361
3564
856
2873
1730
2577
3007
1540
3576
1876
1947
2818
1295
1489
2267
3089
853
2576
3034
856
1160
2548
3107
2019
3018
1980
2127
2843
3215
2193
2637
2635
2680
1990
2183
2018
2882
3544
3545
1672
1971
2434
1320
2317
1212
2981
1255
1995
3221
1313
2084
2475
3528
2040
2052
3228
877
1123
3543
1485
1656
2649
872
2909
3577
934
1476
921
1445
1914
2626
1904
2121
2301
1001
3622
973
2257
2630
3446
2530
3356
1928
2611
952
1593
1064
3041
1520
2771
2773
2617
2869
1830
2203
3136
2277
3241
3242
2234
3198
1442
2154
2092
3244
1367
2222
1216
3230
3333
898
2340
3377
2327
2431
2172
2536
2537
2957
3335
3514
942
2109
2114
1771
1961
1000
1273
2687
991
2178
2238
1349
2817
1769
2770
3196
1653
3491
3581
2218
1686
3058
1489
3426
1142
1624
2950
3000
3156
1483
2940
3580
1784
3101
3289
2088
3317
3321
1743
1909
3553
2468
2771
991
1258
3192
2067
3151
1333
2085
3158
1383
2392
927
1663
1507
2959
1675
2297
2521
3105
1577
3091
3395
2313
3062
2708
3132
3475
3551
2678
988
990
1278
2674
3385
926
1845
2311
2903
2906
1019
1453
2077
2469
3430
3432
1453
2208
1437
2943
3226
3383
2404
3358
3359
1400
1912
2808
1338
1480
3307
2414
3269
1016
1499
940
1010
3142
1386
2864
3066
2751
3081
2229
3307
1509
1712
1373
1375
2436
3149
2226
1295
1835
1274
2090
2601
3233
2964
2601
3378
3568
1895
2444
3047
3306
1448
1897
2179
1018
1699
2892
1584
3458
3504
960
2410
3397
1139
1849
1591
3265
1101
1708
3296
3621
2757
2965
3171
2070
2522
2577
1256
1301
1859
2875
3055
2491
2871
2205
2875
1220
2826
3038
977
1024
2366
1071
1285
3024
1586
1927
1451
1680
2916
1498
1667
3616
1447
1341
2168
2035
2879
1356
1550
2002
2717
2859
1035
3082
3185
3410
2613
3101
982
2705
2138
3422
2429
1223
1982
2167
3289
3454
2704
3414
1692
2823
1363
2250
2300
1052
3528
2599
3253
1717
2792
993
1004
1517
1567
2720
1166
2774
3196
1451
1560
1681
2294
2415
997
1434
3059
2430
3261
3463
1533
1785
2734
1023
3054
2306
2274
2948
3092
2296
3164
1007
1096
2543
1060
3573
1785
2734
3256
1756
2622
1123
3409
2719
3238
1921
2954
3358
2973
3073
1268
1443
2118
1040
1043
1749
1301
1859
3255
3398
1016
1187
1286
2828
3250
1764
1767
1918
2214
1461
1029
3357
1599
3037
3506
1109
1669
2362
1051
1547
1621
2025
2316
2779
2736
1054
1449
2212
1173
2452
2455
3617
2343
2349
1032
1609
2058
3141
1831
1047
1071
3141
1845
3084
1047
1602
1194
2403
1079
1496
2636
3424
1746
2375
1892
1920
2198
1768
2899
1810
1459
2323
2381
1635
3488
1066
1825
2036
2910
2250
1056
1744
1754
2790
1062
1153
2509
2881
3089
2498
2658
3229
3361
3377
2778
2138
3422
1056
3479
1127
1268
1822
2569
3520
3100
1970
1999
2890
2241
3610
1284
3514
2263
3490
3572
2862
2921
3013
1159
1580
1455
2420
2467
2499
1066
1150
3143
1122
1159
1836
2451
3560
2065
2276
3506
1072
2066
2320
3484
1618
2299
3596
3480
1873
1946
2081
2460
2464
2834
1118
2079
2111
1861
1906
2683
3590
1292
1326
2464
1554
2345
3593
1831
2723
3063
3521
1093
3578
1190
2147
2380
1118
2108
2235
1616
2026
3430
2131
2145
1112
1113
2861
1100
1664
1907
2227
1943
2004
2638
2038
1111
1114
1262
1100
1970
2971
1320
2701
2272
2370
3373
1714
3052
1123
1138
2185
3283
3288
3371
1833
1949
2463
2070
2037
3129
1694
2024
2782
1690
3529
1148
3341
1210
2398
2662
1797
1860
2196
1339
2061
2252
3014
3460
3462
1226
1390
3073
2284
2618
2100
1172
2130
3347
1850
1859
2351
2866
1253
3577
1709
1128
2754
3549
1474
2110
2113
3363
2062
1654
2378
2382
1839
2395
1546
1865
2071
2212
2444
1183
2886
2645
2955
1993
2060
2302
1459
2648
3506
1183
2100
2861
1599
2057
3506
1790
3623
2928
1931
2891
2932
1778
1964
2045
1946
2081
3107
1162
1990
2183
2940
3156
1332
1644
1902
1988
2121
2733
2738
2643
2647
2851
1736
1849
3292
1638
1628
2259
3007
1443
1257
1983
1154
1614
2509
2577
1389
1595
1695
2369
3461
3523
2103
2169
3104
1169
3312
1628
1936
1661
2215
1271
1902
2196
1262
1456
3235
1412
2267
2878
1386
1696
2864
2107
1262
3235
2127
2152
3214
1926
3355
3471
1181
3427
2884
3114
3192
3201
2196
2743
3312
1983
1745
2110
1337
1644
2495
3532
3533
1234
2130
2764
1707
2585
2942
3540
1194
1259
1186
2189
1392
1466
3116
1984
1236
1622
1627
1566
1981
3472
2361
2397
3529
3128
3472
1390
1669
1203
3170
3249
1203
3251
1292
1326
1228
2750
3352
2039
2672
3339
1215
1789
3586
1250
2082
3418
1312
1814
3087
3530
1515
1208
3001
1978
3268
2091
3372
1622
2373
2394
1940
3500
1365
3416
1700
2634
2703
3428
3334
3457
1228
1229
2001
1540
2134
2413
3239
2301
2356
3507
2120
2562
3028
2049
2315
3161
1608
2881
3369
1866
2788
1607
3090
3394
1590
3429
2362
3431
2023
2852
2906
1232
1232
3375
1957
3055
2284
2290
1900
1976
1803
2829
2830
3110
1907
1909
1910
2228
1625
2248
1874
1810
1955
2275
2659
2244
2701
3204
3531
1829
3051
1603
2933
1261
3425
1517
1570
2938
1689
2243
1357
2608
2805
2289
3602
2088
2208
2211
1312
3530
1373
2407
2718
1298
1650
2011
3571
3578
2254
2626
3213
1917
2807
3207
1281
2410
2581
2720
3102
3532
3550
2265
2705
3469
2440
1265
1949
2732
3579
1849
2045
2841
3312
1267
1347
2867
1586
1852
1927
1294
1525
1802
1954
2753
2938
3270
2740
3214
1735
3020
3570
1678
2779
3494
1280
3019
1902
3281
3152
3154
3619
1295
3426
1567
1577
2055
1283
2090
3570
1298
2011
1935
1303
3020
1546
1934
2105
1734
2691
1287
1989
2816
3396
1630
3091
3618
1602
2249
2795
3477
2119
3444
2629
2855
1488
2436
2503
1425
1822
1489
2342
2481
1672
1972
2592
1659
3404
3057
3397
1302
2087
2010
2295
3255
2671
1442
1894
3002
1769
2461
3137
2743
3450
3486
1358
2528
2679
1378
1795
2895
2980
2978
3166
2006
2624
2991
1323
1455
3588
2480
2435
1323
1864
2399
2494
3104
2376
3593
2920
3242
2114
2494
3364
2467
3457
1415
2963
2837
1332
1417
1334
2070
2173
2570
1387
2737
2763
2542
3232
3316
1538
1793
2522
3022
2620
2695
3344
1921
3105
1538
2765
3346
1968
2293
1852
1871
1666
1776
1393
2739
3489
1376
1378
2641
2820
2968
3129
2229
2117
2140
1741
3160
1710
3228
3402
3229
3518
1355
1702
2960
2033
2960
2960
2968
3129
2134
2412
2125
2849
1655
1714
2268
2343
1358
2343
2349
2805
2030
2383
2500
2721
3236
3633
1579
1678
3493
3572
1366
1749
1813
1956
2330
2746
1512
2808
1371
1847
2992
1372
3154
1585
2875
2516
3077
1739
2015
1998
2512
1382
2721
3135
3381
2169
2293
2124
3175
2457
3260
2479
3436
1636
2724
2931
1701
2872
3350
2770
1869
1737
2368
2742
1541
2264
3125
2835
1474
2072
2741
1396
3306
3453
2238
3608
1895
2305
3309
2322
2718
1525
1802
3302
1832
1892
3468
3471
1443
1444
1405
3189
1663
2282
3293
2490
3174
1410
2055
2001
3023
3230
3232
1847
2196
1850
1424
1429
2132
1416
3100
1588
1590
2551
1693
1716
1881
2884
1538
3539
1419
1542
1983
2524
1588
2357
3019
3272
2126
2867
1673
1998
2575
1433
1968
1722
1428
3273
2424
3513
1433
2192
1432
2146
2639
3364
1438
1713
3363
3388
2144
2148
1694
3327
2473
2505
2514
2895
2005
3556
1715
1670
3444
2038
3049
3562
2254
1449
2120
2871
2408
2521
1632
3012
3046
1460
1504
2317
3099
2921
1774
2427
2291
3279
2617
2680
2869
3561
1966
3283
1885
2353
1463
1464
1781
2276
1843
3097
1465
1470
2186
2835
2588
3137
3525
2068
2713
1911
2304
3546
1962
3597
1470
2465
3137
1475
1478
2239
1737
1924
2388
2936
2739
1477
2133
1480
1884
1478
2991
1484
2199
2424
2645
3512
1483
1486
2303
1487
3294
1656
3513
2443
2650
3610
1487
2950
2935
3149
1514
1611
3477
2683
3308
2042
2849
2583
3170
3419
3567
2096
3419
2154
2795
1925
2943
2060
3418
1544
1617
3011
1662
3555
3571
1505
2274
3099
3569
1508
1531
3112
1648
1958
2977
2992
2143
2959
2815
2897
3337
3614
3275
3557
2549
2964
1570
2938
1557
2687
2804
2747
2754
2383
2780
3443
1522
1523
1522
1526
2918
3195
2901
1526
2706
3475
2982
3448
2060
2302
3139
1529
2852
1530
2583
1530
2647
1537
3390
2627
1584
2681
3504
1623
2450
3492
2911
3607
3630
2908
2517
2142
3194
2280
3109
2367
2748
1555
1661
2688
3462
2345
2694
1908
3050
2645
3268
3512
2268
2633
2635
1798
2124
2128
2135
2511
2076
2219
2772
1996
2701
2271
2517
2022
2073
3541
2665
2983
1565
2325
3132
3439
2862
3490
2675
3357
3424
2298
2325
3037
1872
2781
2887
1568
2969
1601
3037
3277
2749
3090
1572
2589
1790
3495
3497
1571
2956
1702
2759
2960
1782
1951
2221
2998
1676
1703
2437
2698
3171
1806
3090
1582
2157
2504
3190
2263
3494
1634
1986
1582
2928
2611
2246
3611
1632
2518
1593
2013
3042
2600
1871
2388
2100
3455
2286
3043
3458
2775
2777
3436
2925
3629
1598
3181
3231
1624
3426
1613
1601
2426
2421
2761
2321
2453
1898
2931
2262
2406
3531
1756
2420
1761
2057
2648
2749
3298
1818
2310
1626
3477
1626
2455
2980
2522
1645
2495
2534
2892
2893
1981
2667
3628
1640
2692
3161
1886
3411
3609
3407
2668
3064
3626
2394
3549
3000
3620
2298
2331
3473
1942
2671
3088
2525
2573
2582
1749
3021
1639
2349
2528
2626
1782
2221
1898
2466
1904
1642
2738
1904
2121
3143
3464
2999
3259
3333
1711
2952
1674
3072
3527
3008
1881
1718
2019
1740
2951
1740
2951
1658
3291
1931
1933
2320
2410
1918
1919
3353
2252
3094
2660
2889
3130
2306
2393
3552
3212
3621
2664
2981
3497
1977
2137
2500
2869
3134
1961
3296
3569
2631
1697
1923
2915
2489
2341
2921
2371
2524
1876
2279
1782
3278
3449
2383
3132
3439
2424
3199
1697
1971
2783
1868
2328
2667
1817
2097
3071
3302
3311
2982
3146
3448
1856
2176
1708
3125
3157
1703
2774
1708
2438
2026
3081
3380
3534
2142
2032
2359
2146
2946
3103
1708
1961
1971
2334
1777
2374
2111
3437
3587
2053
3552
1713
1715
2494
2146
2968
3106
3140
1882
2176
2966
1724
1726
2387
2552
3478
2313
2615
3050
1944
2922
3044
1773
2118
3315
1724
1725
1726
1844
3404
1856
2966
1758
3487
2159
2187
2802
2008
3119
2178
2234
1854
2521
1885
1735
2418
2699
2051
3366
1741
3505
1932
2876
2804
2516
2303
3294
2856
3310
1755
2056
3079
2739
3410
3454
1772
2167
3289
2308
3065
2746
2352
2238
2247
2401
1826
2504
1755
2791
2054
3188
2024
2027
3327
1856
1881
1791
1793
3158
1761
2648
3063
1763
3013
3314
2281
2920
1919
1791
1841
3405
1822
3036
3321
3354
1781
2902
2465
2773
2390
2512
1788
2168
2918
3139
1861
2591
2936
3590
2028
3553
2185
2020
3408
2068
2110
2123
2648
2335
3204
1788
2579
2857
2393
3325
3326
1800
2386
3568
2362
2859
2958
3179
1798
1841
1805
2283
3085
3379
2625
3262
2192
3393
2337
2061
2490
3388
2588
3406
2128
2135
1805
2390
2507
2794
3394
3091
2506
2543
2419
2693
3599
1812
2599
3305
1815
2203
2419
2527
2879
3554
1830
1965
1985
2672
1875
2508
3403
3618
2944
2947
2948
2008
2009
2220
3138
1825
3027
3370
2050
2611
2119
2354
2482
2557
2728
2446
3357
1834
1857
2561
2685
2050
2562
2407
2101
3341
2711
2840
2131
2145
2733
2273
2944
2803
2213
2803
2926
1862
1898
2472
2488
2676
1865
1882
3184
3283
2116
2595
3051
3053
2867
2087
2816
3396
1891
2636
1892
3246
1861
3131
3582
2192
3169
2245
2467
2560
1874
1982
1891
2007
2731
2325
3186
3382
2217
2032
2776
2321
2932
2788
3263
2144
1889
2912
2937
2203
2241
3150
2594
3210
1960
1973
2234
3487
3401
1910
1938
2226
2594
2663
2981
3416
2758
2929
3148
1890
2801
2840
2538
3182
2725
3340
3018
2067
2970
1925
3304
1897
1956
3453
1993
2977
2545
3235
2542
2740
1935
3185
3161
2296
3164
2745
3131
1939
2197
2555
3557
1938
1939
1913
2347
2222
2304
3483
2161
2254
2066
2394
2153
2389
2447
2592
2282
2660
3206
2092
3227
2979
2016
2220
2359
1933
2126
3002
2340
3160
2020
2612
1932
1933
2294
2385
2454
2045
1964
1936
1937
1946
1946
3410
3186
3310
2572
1950
2031
2769
3020
2473
2895
2287
2153
2160
3526
1948
2819
3049
2477
2483
3510
2125
2358
2363
2587
3276
3518
3172
3249
3453
2010
2087
3348
3351
3539
2326
2379
2398
2141
3150
1998
2116
2595
2367
2619
2748
3331
2126
2671
3088
1976
3322
3371
2142
2041
3266
2162
2830
3150
3610
2059
2245
2675
3387
2164
3128
3235
2735
1982
2403
2454
2836
1987
1989
2039
2014
2062
2573
2367
1990
1992
2609
1997
2141
2178
2234
1997
2697
3605
3607
3613
2609
2807
2518
2041
3212
3360
2362
2236
2479
2544
2404
2040
2052
2482
2972
2497
3423
3255
2822
2022
3317
2798
2537
3438
3465
3469
2497
3543
2768
2225
3423
3243
3367
3519
2202
2253
2250
3329
2983
2961
2523
2580
3225
3228
3552
2063
2574
2893
2642
3291
2759
3130
2473
2480
3336
2984
2996
3417
2620
3236
2856
2629
2846
2855
2872
2292
2458
3252
2312
3187
3503
2894
3503
2600
3402
3554
2084
3269
2258
2659
3485
2453
3477
3357
3249
3078
3088
2075
2260
3374
3037
3405
2189
2194
2425
2659
2076
2219
3542
2581
3202
2602
2657
2370
2291
2546
2119
2561
2095
2569
3384
3111
3117
2138
2590
3040
2497
3409
3543
2825
2214
3016
3326
3366
3583
2107
3003
3246
2746
3459
3596
2347
3485
3508
2098
2882
3544
2158
2361
3566
2806
2535
2262
2754
2886
2399
2616
2578
3022
3514
2107
2669
2117
2143
2188
2975
2836
3381
2114
2117
3364
2143
2182
2637
3451
3056
2359
2713
2251
2993
2998
3121
3312
3376
3393
2604
3194
2140
2612
3399
2188
2872
2279
2209
3032
2353
2345
2714
2242
2472
2152
2928
2156
2614
2162
2461
2191
2621
2978
2157
3126
2928
2161
2958
3179
2162
2460
3098
2542
3316
2270
2538
2710
2618
2733
3056
2386
3413
3029
3061
3093
3548
2650
3449
2540
2449
2360
2653
3400
3140
2179
2444
3036
3306
3520
3520
2188
3293
2974
3151
3330
2530
3332
2977
3337
2784
2258
2550
2199
3268
2224
2778
2218
2230
3018
2644
3274
3278
2204
2484
2930
2211
3317
3229
3518
3038
3057
2403
3591
3279
3303
2738
3164
2784
2253
3303
3047
3300
2974
3257
3319
3354
2762
2955
2388
2224
2225
3118
3290
2230
2555
2612
3553
2610
2758
2985
2807
2985
3182
3200
2264
2827
3125
2624
2970
2729
3176
2344
2350
3320
3578
3004
2344
2814
2441
2328
2329
2308
3318
2255
2256
3287
2607
3280
3303
2633
2657
3143
3486
2602
3287
3125
3157
3204
3574
3102
2366
2368
2269
3241
2884
2608
2277
3198
3201
3128
3482
2688
3348
3539
3259
3322
3371
2396
2317
2423
2513
2323
2278
2281
2920
3201
3445
2281
3013
3109
3398
2870
2285
2288
3200
2693
3044
3221
2874
3599
2291
3305
2456
2786
3034
2520
2309
2371
3398
2621
2978
2789
2663
2319
2381
2315
3300
2953
2429
3453
2489
3035
2898
3175
2406
3369
2314
2851
2318
3535
2900
2630
2643
3446
3507
2989
3054
2839
2323
2330
2761
2503
3563
2331
2666
3411
2664
3529
2666
2666
3407
2331
2627
2586
2831
2384
3186
2336
3122
2339
3205
3292
3488
2969
2508
3122
2440
3440
3452
2350
2421
2812
2813
2814
2694
3509
3416
2430
2565
2730
3176
3178
2371
2625
3449
2360
3096
3555
2364
3195
3517
2918
3594
2625
3262
3271
2736
2369
3469
2827
3259
2498
2395
2396
3101
3289
2760
3464
2662
3524
3052
2902
2416
2442
3507
2393
2425
2912
2876
2434
2774
3086
3443
3436
3466
2396
2662
3072
3096
3527
3407
2658
3229
3361
3584
3035
2414
2414
2415
2516
2519
3017
3231
2414
3168
3191
3359
2826
2477
2486
2727
3147
3415
2448
2441
3325
3326
3004
2564
2760
3025
2503
3258
3240
2435
2428
2430
2646
3261
2433
3585
2433
2592
2783
3546
2774
2783
2587
3195
3016
3377
2448
2649
2596
2464
3136
2461
3196
2877
3067
3452
2857
2913
3153
3563
2453
2795
2455
2769
3325
3369
2769
3115
2462
3282
2833
2946
3103
3420
3517
3594
3084
2471
2811
3551
2482
2505
2565
3432
3434
3048
2995
2668
2715
2821
3135
2638
2486
3584
2951
2499
2565
2560
2728
2730
3039
3297
3601
3012
3039
3046
2999
2731
3193
3138
3070
2564
3495
3496
2613
2564
3162
3298
3152
2582
2718
3213
2641
3086
3563
2564
2622
2579
2865
3256
2744
2521
3108
3023
3327
2567
3604
3238
3285
3213
2838
2579
2854
2582
2923
3604
2997
2942
3338
2540
2541
3149
3224
3613
2549
2815
2964
3265
2949
3222
2638
2727
2750
2660
3207
2655
2896
2914
2657
3301
3447
2840
3219
2803
2926
2559
3290
3625
2556
3248
3275
2559
2824
3339
3451
3451
2644
3278
3449
2586
2571
3256
3148
3068
2573
2922
2934
2580
2732
2576
2786
2923
2913
3329
3173
2586
2610
3308
3117
3111
3117
3582
2594
3210
3343
3210
2599
2602
3301
3016
3326
2607
3019
3570
2607
3313
2873
2632
3441
2656
3127
2680
3396
3399
3190
3286
2740
3126
2635
2997
3061
2805
2889
3614
3342
3295
3528
3272
2929
2939
2690
3344
3136
3362
2679
2789
2877
2900
2877
3380
2900
2640
3147
3424
3085
2661
2690
3365
3058
3241
2655
2655
2806
2941
2909
3536
3624
2695
3026
3495
2696
2683
2832
3069
2673
3334
2777
3601
3339
3098
3456
2909
3095
2857
3386
3438
3469
3262
2732
2689
2794
2779
2983
3122
3395
2695
2699
3573
3160
3505
3183
3612
3500
2889
2716
3224
3501
2751
3081
3433
3054
2927
3054
3433
3045
3466
2708
3442
2714
2734
3044
3611
3219
3220
2715
3502
3223
3501
3502
3406
2858
3391
3064
3222
3265
2736
3074
3153
3608
2724
3389
2731
3193
2894
3238
3576
2972
2836
3381
2742
3202
3074
2765
2797
2831
3473
2749
2753
2755
3323
2810
3033
2755
2757
2759
2761
3484
2788
2766
2772
2946
2873
3276
3517
3475
2797
2901
2781
2793
2796
3466
3436
3078
3008
2809
3142
3247
3247
3121
3247
2950
2809
2813
3616
2809
3014
3462
3605
3531
2803
3605
3613
2926
2988
3095
2941
2817
2810
3142
3432
2915
3550
2819
3381
3222
3206
3143
3523
3465
3183
3612
2833
2833
3120
2834
2837
3116
2990
3187
3184
2844
3627
3631
2844
3631
3189
3113
2849
2848
2962
2993
2965
2967
3171
2852
2930
3367
2865
2923
3225
3606
3623
2864
3597
3347
3537
2863
3041
3490
3604
2868
2933
3345
3085
3046
3392
3012
2883
3087
2883
3498
3498
3425
3093
3617
2935
3258
3499
2942
3291
2962
3026
3266
3562
3274
3135
2917
2908
2914
3304
3309
2903
2905
2905
3211
3069
3127
2906
3071
3127
3337
3390
3251
3418
3064
3492
3502
3284
2917
3368
3440
2994
3447
3343
3314
2927
3157
2934
3243
2933
3252
2939
2957
3218
2949
3499
2994
3250
3092
3569
3218
3282
2956
3250
3149
2987
2967
3434
2965
3106
2976
3405
3562
3431
3017
3231
3412
3486
2995
3402
3554
3437
3009
3431
2988
3158
3155
2996
2996
2999
3123
3003
3005
3006
3285
3006
3547
3010
3351
3045
3015
3041
3459
3029
3025
3480
3244
3030
3230
3061
3055
3392
3325
3397
3043
3165
3603
3612
3302
3266
3342
3344
3057
3463
3239
3276
3068
3077
3076
3071
3099
3155
3629
3438
3615
3624
3077
3115
3329
3083
3128
3286
3115
3403
3277
3096
3099
3133
3286
3114
3108
3114
3427
3429
3138
3544
3482
3156
3154
3620
3209
3281
3133
3526
3261
3442
3401
3257
3487
3324
3292
3217
3623
3489
3368
3479
3167
3202
3612
3237
3181
3188
3174
3173
3173
3177
3311
3576
3180
3239
3187
3191
3215
3209
3269
3198
3428
3221
3285
3297
3205
3353
3221
3456
3525
3446
3215
3455
3292
3499
3234
3223
3224
3553
3519
3272
3253
3478
3420
3516
3370
3620
3519
3556
3417
3421
3284
3297
3579
3282
3617
3273
3622
3280
3305
3499
3387
3541
3373
3538
3472
3581
3387
3313
3582
3302
3311
3346
3382
3435
3360
3460
3321
3354
3460
3375
3335
3352
3330
3328
3332
3375
3450
3344
3350
3476
3360
3543
3545
3556
3467
3365
3456
3383
3511
3542
3538
3541
3467
3565
3584
3384
3438
3624
3492
3630
3509
3447
3403
3409
3423
3412
3466
3560
3429
3440
3434
3440
3441
3445
3587
3463
3445
3588
3595
3603
3464
3523
3615
3470
3564
3596
3493
3573
3481
3485
3574
3497
3510
3607
3505
3630
3515
3513
3515
3518
3558
3527
3529
3526
3555
3577
3540
3549
3542
3566
3559
3561
3592
3563
3568
3583
3577
3573
3575
3581
3585
3588
3589
3592
3592
3598
3600
3628
3603
3606
3602
3611
3632
3615
3625
3619
3620
3632
)


// ************************************************************************* //
