/*--------------------------------*- C++ -*----------------------------------*\
| =========                 |                                                 |
| \\      /  F ield         | OpenFOAM: The Open Source CFD Toolbox           |
|  \\    /   O peration     | Version:  2512                                  |
|   \\  /    A nd           | Website:  www.openfoam.com                      |
|    \\/     M anipulation  |                                                 |
\*---------------------------------------------------------------------------*/
FoamFile
{
    version     2.0;
    format      ascii;
    arch        "LSB;label=32;scalar=64";
    note        "nPoints:1330  nCells:3634  nFaces:8596  nInternalFaces:5940";
    class       labelList;
    location    "constant/basis/polyMesh";
    object      owner;
}
// * * * * * * * * * * * * * * * * * * * * * * * * * * * * * * * * * * * * * //


8596
(
0
0
0
0
1
1
2
2
2
2
3
3
3
4
4
4
5
5
5
5
6
6
6
7
7
7
8
8
8
9
9
9
9
10
10
10
11
11
11
12
12
12
13
13
13
14
14
14
14
15
15
15
15
16
16
16
16
17
17
17
17
18
18
18
18
19
19
19
19
20
20
20
20
21
21
21
22
23
23
23
23
24
24
25
25
25
25
26
26
26
27
27
27
28
28
28
28
29
29
29
29
30
30
30
31
31
31
31
32
32
32
33
33
33
34
34
34
34
35
35
35
36
36
36
37
37
37
37
38
38
38
38
39
39
39
40
40
40
40
41
41
41
42
42
42
43
43
43
43
44
44
44
45
45
45
46
46
46
47
47
47
47
48
48
48
49
49
49
50
50
50
51
51
51
52
52
52
53
53
53
54
54
54
54
55
55
56
56
56
57
57
58
58
59
59
59
60
60
61
61
61
62
62
63
63
63
63
64
64
64
65
65
65
66
66
66
67
67
67
68
68
69
69
69
69
70
70
70
71
71
71
72
72
72
73
73
73
74
74
74
74
75
75
75
76
76
77
77
77
78
78
78
79
79
79
80
80
81
81
81
82
82
82
82
83
83
83
84
84
85
85
85
86
86
86
86
87
87
87
88
88
88
89
89
89
90
90
90
90
91
91
92
92
92
93
93
93
94
94
94
95
95
96
96
97
97
97
98
98
98
99
99
99
99
100
100
101
101
101
102
102
102
102
103
103
103
104
104
104
104
105
105
106
106
107
107
107
108
108
108
109
109
110
110
110
110
111
111
111
112
112
112
113
113
113
114
114
115
115
115
116
116
117
117
117
118
118
118
119
119
120
120
120
121
121
121
121
122
122
122
123
123
123
123
124
124
124
125
126
126
127
127
127
128
128
128
129
129
129
130
130
130
131
131
132
132
132
133
134
134
134
135
135
135
136
136
136
137
137
137
138
138
138
139
139
139
140
140
140
141
141
141
141
142
143
143
143
143
144
144
144
145
145
145
146
146
146
147
147
147
147
148
148
148
149
149
149
149
150
150
150
150
151
151
151
152
152
152
153
153
153
154
154
154
155
155
156
156
156
157
157
158
158
158
158
159
159
160
160
160
161
161
161
161
162
162
162
162
163
163
163
164
164
164
165
165
166
166
167
167
167
167
168
168
169
169
169
169
170
170
171
171
171
171
172
172
172
173
173
173
174
174
174
175
175
175
176
176
177
177
177
178
179
179
179
180
180
180
181
181
182
182
182
183
183
183
184
184
185
185
185
186
186
186
187
187
187
187
188
188
189
189
189
190
190
190
191
191
192
192
192
193
193
193
193
194
194
194
195
195
195
195
196
196
196
196
197
197
197
198
198
198
199
199
199
200
200
201
201
201
202
202
202
203
203
204
204
205
206
206
206
207
207
207
208
208
208
209
209
209
210
210
210
210
211
211
211
212
212
212
213
213
213
214
214
214
215
215
215
216
216
216
217
217
217
217
218
218
219
219
219
220
220
221
222
222
222
223
223
223
224
224
224
224
225
225
226
226
226
227
227
227
228
228
228
229
229
229
230
230
230
231
231
231
231
232
232
232
233
233
233
234
234
235
235
236
236
236
237
237
237
238
238
238
239
239
239
240
240
240
240
241
241
241
242
242
242
243
243
243
243
244
244
245
245
245
246
246
246
247
247
247
248
248
249
249
249
249
250
250
250
251
251
251
251
252
252
252
252
253
253
253
254
255
255
255
255
256
256
256
257
257
257
258
258
258
259
259
259
260
260
260
261
261
262
262
263
263
263
263
264
264
264
264
265
265
265
265
266
266
266
266
267
267
267
268
268
268
269
269
269
270
270
270
270
271
271
271
272
272
272
273
273
273
274
274
274
275
276
276
277
277
278
278
278
279
279
279
280
280
280
281
282
282
282
283
283
283
284
284
284
284
285
285
286
286
287
287
288
288
288
289
289
289
290
290
291
291
291
292
292
292
293
293
293
294
294
294
294
295
295
295
296
296
296
297
297
297
298
299
299
299
300
300
300
300
301
301
301
302
302
302
302
303
303
303
303
304
304
304
305
305
306
306
306
307
307
307
307
308
308
308
309
309
309
310
310
310
311
311
312
312
313
313
313
314
314
314
314
315
315
315
316
316
316
317
317
317
317
318
318
319
320
320
320
321
321
321
322
322
322
323
323
323
324
324
324
325
325
325
326
326
326
326
327
327
327
328
328
328
329
329
329
330
330
330
331
331
331
332
332
333
333
333
333
334
334
334
335
335
335
336
336
336
336
337
337
337
338
338
338
338
339
339
340
340
341
341
341
342
342
342
343
343
343
343
344
344
344
344
345
345
345
346
346
347
347
347
348
348
349
349
349
350
350
350
351
351
351
352
352
353
353
353
354
354
355
355
355
355
356
357
357
357
358
358
358
358
359
359
359
360
360
360
361
361
362
362
362
363
363
363
364
364
364
365
365
365
366
367
367
368
368
368
369
369
369
370
370
370
370
371
371
372
372
372
373
373
373
373
374
374
375
375
376
376
377
377
377
377
378
378
378
379
379
379
380
380
380
381
381
381
382
382
382
383
383
383
383
384
384
384
385
385
385
386
386
387
387
387
388
388
388
388
389
389
390
391
392
392
393
393
394
394
394
395
395
395
396
396
396
397
397
397
398
398
398
399
399
399
400
400
401
401
402
402
402
402
403
403
403
403
404
404
404
404
405
405
405
406
406
406
406
407
407
408
409
410
410
410
411
411
412
413
413
414
414
414
415
415
416
416
417
417
417
418
418
418
419
419
419
420
420
420
420
421
421
421
422
422
422
422
423
423
423
424
424
424
425
425
425
426
426
426
427
427
427
428
428
428
428
429
429
429
430
430
430
430
431
431
431
431
432
433
433
434
434
434
435
436
436
436
437
437
437
437
438
438
438
439
439
439
440
440
441
441
441
442
442
442
443
443
443
443
444
445
445
446
446
447
447
447
448
449
449
450
450
450
451
451
452
452
452
453
453
453
454
454
454
455
455
455
455
456
457
457
457
458
458
458
458
459
459
459
460
460
460
461
461
461
462
462
462
462
463
463
463
464
464
464
465
465
465
465
466
466
466
467
467
467
467
468
468
468
469
469
469
470
470
470
471
471
471
472
472
472
473
473
473
474
474
475
475
475
475
476
476
476
477
477
477
478
478
478
479
479
479
480
480
480
481
481
482
482
482
483
483
483
483
484
484
484
485
485
486
486
486
487
487
487
488
488
488
488
489
489
489
490
490
490
491
491
491
491
492
492
492
493
493
493
494
494
494
495
495
495
495
496
496
496
496
497
497
497
498
498
499
499
500
500
500
501
501
501
502
502
502
503
503
503
504
504
504
505
505
505
506
506
506
507
507
507
508
508
508
508
509
509
509
510
510
510
511
511
512
512
512
512
513
513
513
514
514
514
515
515
515
516
516
516
517
517
518
518
518
519
520
520
521
521
521
522
522
522
523
523
523
523
524
524
524
524
525
525
525
526
527
527
527
528
528
528
529
529
529
530
530
530
531
531
532
532
533
533
534
534
535
535
535
535
536
536
537
537
537
538
538
538
539
539
539
539
540
540
540
541
541
542
542
542
543
543
544
544
545
545
545
546
546
547
547
548
548
548
549
549
549
550
550
550
551
551
551
552
552
552
553
553
554
555
555
556
556
556
557
557
557
557
558
558
558
560
561
561
561
562
562
562
564
564
564
565
565
566
566
566
566
567
567
568
568
568
569
569
569
570
570
571
571
572
572
572
572
573
573
573
574
575
575
575
576
576
576
577
577
577
578
578
578
579
579
579
580
580
580
581
581
582
582
582
582
583
583
584
584
584
585
585
585
586
587
587
587
588
588
588
588
589
589
589
590
590
590
591
592
592
592
593
593
593
593
594
595
595
595
596
596
596
597
597
597
598
598
599
599
599
600
600
600
601
601
601
602
602
603
603
603
603
604
604
604
605
605
605
606
606
606
606
607
608
608
609
609
609
609
610
610
611
611
612
612
612
613
613
613
614
614
615
615
615
616
617
618
618
618
619
619
619
619
620
620
620
621
621
622
622
622
623
623
623
624
625
625
626
626
626
626
627
627
627
628
628
628
629
629
629
630
630
630
631
631
632
632
632
633
633
633
634
634
634
635
635
636
636
636
637
637
637
638
638
639
639
639
640
640
640
640
641
641
642
642
642
643
643
644
645
645
645
646
646
646
647
647
647
648
648
648
648
649
649
649
650
650
651
651
652
652
652
653
653
653
654
654
654
655
655
656
656
656
657
657
657
658
658
659
659
661
661
661
662
662
663
663
663
663
664
664
664
665
665
666
666
666
666
667
667
667
668
668
668
669
669
670
671
671
671
672
672
673
673
673
674
674
675
675
675
676
676
676
677
677
678
678
678
679
680
680
680
681
681
681
682
682
682
683
684
684
684
685
685
685
686
686
686
687
687
688
688
689
689
689
690
690
691
692
692
692
692
693
693
694
694
694
695
695
695
695
696
696
696
697
697
698
698
698
699
699
699
699
700
701
701
701
702
702
702
703
703
703
704
704
704
705
705
705
706
706
706
707
707
707
707
708
708
708
709
709
709
710
710
711
711
712
713
713
714
714
714
715
715
717
717
717
718
719
719
720
721
721
721
722
722
722
723
724
724
725
725
726
727
727
728
728
729
729
729
730
730
730
731
731
731
732
732
733
733
733
734
734
734
735
735
736
736
736
737
738
738
739
739
739
740
740
741
741
741
742
742
742
743
743
743
744
744
745
745
745
746
746
747
747
747
748
748
749
749
750
750
750
750
751
751
752
752
753
753
754
754
754
755
755
755
756
756
757
757
757
758
758
759
759
760
760
761
761
761
762
762
762
762
763
763
763
764
764
764
764
765
765
766
766
767
767
768
769
769
769
770
771
772
772
773
773
774
774
774
775
775
776
776
776
777
778
778
778
779
779
779
779
780
780
780
780
781
781
782
782
782
783
783
784
784
785
785
786
786
786
787
787
787
788
788
788
789
790
790
791
791
791
791
792
792
792
793
793
794
794
794
794
795
795
796
796
797
797
797
798
798
799
799
799
800
800
801
802
802
802
803
803
803
804
805
805
806
806
806
807
808
808
809
809
809
810
810
810
811
811
811
812
812
812
813
814
814
815
815
815
816
816
817
817
817
818
818
818
819
819
819
820
821
821
822
822
822
823
823
824
824
825
825
826
826
827
827
828
829
829
829
830
830
831
831
831
831
832
832
832
833
833
833
834
835
836
836
836
837
837
838
838
839
839
839
840
840
841
841
842
842
842
843
843
844
845
845
845
846
846
847
847
847
848
848
849
849
849
850
850
851
851
852
852
852
853
854
854
854
855
855
856
857
857
857
858
858
859
859
860
860
861
861
861
861
862
862
862
863
863
864
864
865
865
865
866
866
866
866
867
867
867
868
868
868
869
869
869
870
870
870
871
871
872
872
873
873
874
874
874
875
875
876
876
876
876
877
877
878
878
879
879
880
880
881
881
881
882
882
883
883
883
884
884
884
885
885
886
886
887
887
888
888
889
889
889
890
890
890
891
891
892
892
892
892
893
893
894
894
894
895
895
896
896
896
897
897
897
898
898
899
899
899
900
900
900
901
902
902
903
903
904
904
905
905
905
906
906
906
907
907
907
908
908
908
909
909
909
910
910
911
911
911
912
912
913
913
913
914
914
915
915
916
916
917
917
917
917
918
918
918
919
919
920
920
920
920
921
922
922
922
923
923
924
924
925
925
925
926
927
927
928
928
928
929
929
930
930
930
930
932
932
932
933
933
933
934
934
934
935
935
937
937
938
938
938
939
939
939
940
940
941
941
942
942
943
943
943
943
944
945
945
946
946
946
946
947
948
948
948
949
949
949
949
950
950
950
951
951
951
952
952
952
953
953
953
954
954
955
955
956
956
956
957
958
958
958
959
959
959
960
960
960
961
961
962
962
963
963
964
964
964
965
965
965
966
966
966
967
967
968
968
968
969
969
969
970
971
971
972
972
973
973
974
974
974
975
975
975
975
976
976
977
977
978
978
979
980
980
981
981
981
982
982
983
983
984
984
984
985
985
986
986
987
988
989
989
990
990
991
992
992
992
993
993
994
994
994
995
995
995
997
997
997
998
998
998
999
999
1000
1001
1001
1001
1002
1002
1003
1003
1003
1004
1004
1005
1005
1005
1006
1006
1007
1007
1008
1008
1009
1009
1009
1010
1010
1011
1011
1011
1012
1012
1012
1013
1013
1013
1013
1014
1015
1015
1015
1016
1017
1017
1017
1017
1018
1019
1019
1020
1020
1020
1021
1021
1021
1022
1022
1022
1023
1023
1023
1024
1025
1025
1025
1026
1026
1026
1026
1027
1027
1028
1028
1028
1028
1029
1030
1030
1030
1031
1031
1032
1032
1033
1033
1034
1034
1034
1034
1035
1035
1036
1036
1036
1037
1037
1038
1039
1039
1039
1040
1040
1041
1042
1042
1042
1043
1044
1045
1045
1045
1046
1046
1046
1048
1048
1049
1049
1050
1050
1050
1051
1052
1052
1053
1053
1054
1054
1054
1055
1055
1056
1057
1057
1057
1058
1058
1059
1059
1060
1060
1060
1061
1061
1061
1062
1062
1063
1063
1063
1063
1065
1065
1065
1066
1066
1067
1067
1067
1068
1068
1068
1069
1069
1069
1069
1070
1070
1070
1071
1072
1073
1073
1074
1074
1074
1075
1075
1075
1076
1076
1076
1076
1077
1077
1077
1078
1078
1078
1079
1080
1080
1080
1081
1081
1082
1082
1082
1083
1083
1083
1084
1084
1084
1085
1085
1086
1086
1086
1087
1087
1088
1088
1089
1089
1089
1090
1091
1091
1091
1092
1092
1092
1093
1093
1094
1094
1094
1095
1095
1096
1096
1096
1097
1097
1097
1098
1098
1098
1099
1100
1100
1101
1101
1101
1102
1102
1103
1103
1104
1104
1104
1105
1105
1106
1107
1107
1108
1108
1108
1108
1109
1109
1109
1110
1111
1112
1113
1113
1113
1114
1115
1116
1116
1117
1117
1118
1119
1119
1119
1120
1120
1121
1121
1122
1124
1124
1124
1125
1125
1126
1126
1126
1127
1127
1128
1128
1129
1129
1130
1131
1131
1132
1132
1132
1133
1133
1133
1134
1134
1134
1135
1135
1136
1137
1137
1137
1138
1139
1139
1140
1140
1140
1141
1141
1141
1142
1142
1143
1143
1144
1144
1145
1145
1145
1146
1146
1146
1147
1147
1148
1149
1150
1150
1150
1151
1152
1152
1153
1154
1154
1154
1155
1155
1155
1155
1156
1156
1157
1157
1157
1158
1158
1159
1160
1161
1161
1162
1162
1163
1164
1164
1164
1165
1165
1165
1166
1166
1166
1167
1169
1169
1170
1170
1170
1171
1171
1171
1172
1172
1173
1174
1174
1174
1175
1176
1176
1177
1178
1178
1179
1179
1179
1180
1180
1181
1181
1181
1182
1182
1183
1183
1184
1184
1185
1185
1186
1186
1186
1187
1188
1188
1188
1189
1189
1190
1191
1191
1191
1192
1192
1193
1193
1195
1195
1195
1196
1196
1197
1197
1198
1198
1198
1199
1199
1199
1200
1200
1200
1201
1201
1203
1204
1204
1204
1204
1205
1206
1206
1207
1207
1209
1209
1210
1210
1210
1211
1211
1212
1212
1213
1213
1214
1214
1215
1215
1216
1216
1216
1217
1217
1217
1217
1218
1218
1218
1219
1219
1219
1221
1221
1221
1222
1222
1222
1223
1223
1224
1224
1224
1225
1225
1226
1226
1227
1227
1227
1228
1229
1229
1230
1230
1231
1231
1232
1232
1233
1233
1233
1234
1235
1235
1235
1235
1236
1236
1237
1238
1238
1239
1239
1240
1240
1241
1241
1242
1242
1243
1243
1244
1244
1245
1245
1245
1246
1246
1247
1247
1247
1248
1248
1249
1249
1249
1250
1250
1251
1251
1251
1252
1252
1252
1253
1253
1254
1254
1254
1255
1255
1255
1256
1256
1257
1258
1258
1259
1259
1260
1260
1260
1261
1262
1263
1263
1263
1264
1264
1264
1265
1266
1266
1266
1267
1267
1267
1268
1269
1269
1269
1270
1270
1270
1271
1271
1272
1272
1272
1273
1273
1273
1274
1274
1275
1275
1276
1276
1276
1277
1277
1278
1278
1279
1280
1280
1280
1281
1281
1282
1283
1283
1284
1284
1284
1285
1285
1286
1286
1287
1287
1288
1288
1288
1289
1289
1289
1290
1291
1291
1292
1292
1293
1293
1293
1294
1294
1296
1296
1296
1297
1297
1297
1298
1298
1299
1299
1300
1300
1301
1302
1302
1303
1304
1304
1304
1305
1305
1305
1306
1306
1307
1308
1308
1308
1309
1309
1310
1310
1311
1311
1312
1313
1313
1314
1314
1314
1315
1316
1318
1318
1319
1319
1319
1320
1320
1321
1321
1322
1322
1322
1323
1323
1325
1325
1326
1327
1327
1328
1328
1328
1328
1329
1329
1330
1331
1331
1331
1332
1333
1334
1334
1335
1335
1335
1336
1336
1337
1337
1338
1339
1339
1340
1340
1341
1341
1342
1342
1342
1343
1343
1343
1343
1344
1344
1345
1346
1346
1347
1347
1348
1348
1348
1349
1349
1350
1350
1350
1351
1351
1352
1352
1352
1353
1353
1354
1354
1355
1355
1356
1356
1357
1357
1357
1358
1359
1359
1360
1360
1361
1361
1362
1362
1362
1362
1363
1363
1364
1365
1366
1366
1367
1367
1368
1369
1369
1370
1370
1371
1371
1373
1374
1375
1375
1376
1376
1377
1377
1377
1378
1379
1379
1380
1380
1381
1381
1382
1383
1384
1384
1384
1385
1385
1385
1386
1387
1388
1389
1389
1391
1391
1391
1392
1393
1393
1393
1394
1394
1394
1395
1395
1396
1396
1396
1397
1397
1398
1398
1398
1399
1399
1400
1400
1401
1401
1403
1403
1404
1404
1405
1406
1406
1407
1407
1408
1408
1408
1408
1409
1409
1410
1411
1411
1411
1412
1412
1413
1414
1414
1415
1415
1415
1416
1417
1417
1418
1418
1419
1420
1421
1421
1421
1421
1422
1422
1423
1423
1423
1424
1424
1425
1426
1427
1428
1428
1429
1429
1430
1430
1430
1431
1432
1432
1432
1433
1434
1434
1435
1435
1436
1436
1436
1436
1437
1437
1438
1439
1440
1441
1441
1441
1442
1443
1444
1445
1446
1446
1447
1447
1447
1448
1450
1450
1450
1451
1452
1452
1453
1453
1454
1454
1454
1455
1456
1456
1457
1457
1458
1458
1459
1459
1460
1460
1462
1462
1463
1463
1464
1465
1465
1466
1466
1467
1467
1467
1468
1468
1469
1469
1469
1471
1471
1471
1472
1472
1472
1473
1474
1475
1475
1476
1476
1477
1478
1479
1479
1481
1481
1481
1482
1482
1482
1483
1483
1484
1484
1485
1485
1485
1486
1486
1488
1488
1490
1490
1490
1491
1491
1493
1493
1494
1494
1494
1494
1495
1495
1497
1498
1499
1499
1500
1500
1501
1501
1501
1502
1502
1502
1504
1504
1505
1505
1506
1506
1506
1507
1507
1508
1508
1509
1510
1511
1511
1511
1511
1512
1512
1513
1513
1514
1514
1515
1515
1516
1517
1518
1519
1519
1519
1520
1520
1521
1521
1521
1521
1522
1523
1523
1523
1524
1524
1525
1525
1526
1527
1527
1528
1528
1529
1529
1531
1531
1532
1533
1533
1533
1535
1535
1535
1536
1536
1536
1537
1538
1539
1540
1541
1541
1542
1542
1543
1543
1543
1543
1544
1545
1547
1548
1549
1549
1549
1550
1550
1550
1551
1551
1551
1551
1552
1553
1553
1553
1554
1554
1555
1555
1556
1556
1556
1557
1557
1558
1558
1559
1559
1560
1560
1561
1561
1561
1562
1562
1562
1563
1563
1563
1564
1564
1565
1565
1566
1567
1567
1568
1568
1569
1569
1569
1570
1571
1573
1573
1573
1574
1574
1574
1574
1575
1575
1575
1576
1576
1577
1577
1578
1578
1578
1578
1579
1579
1580
1580
1581
1581
1582
1583
1584
1585
1585
1587
1587
1587
1588
1589
1589
1590
1591
1592
1592
1593
1594
1594
1594
1595
1595
1596
1596
1596
1597
1597
1598
1599
1599
1600
1600
1601
1602
1603
1603
1604
1604
1604
1605
1605
1606
1606
1606
1607
1607
1608
1608
1609
1609
1610
1611
1613
1614
1615
1615
1615
1616
1616
1617
1618
1618
1619
1619
1619
1620
1620
1621
1622
1623
1623
1623
1627
1629
1630
1630
1631
1631
1631
1633
1633
1633
1634
1634
1634
1635
1635
1636
1637
1637
1637
1638
1638
1639
1639
1640
1641
1641
1642
1642
1643
1643
1644
1645
1645
1646
1646
1647
1647
1647
1648
1649
1650
1651
1652
1652
1653
1653
1654
1655
1657
1657
1658
1659
1660
1660
1660
1661
1662
1663
1664
1664
1665
1666
1666
1667
1667
1668
1668
1669
1670
1670
1671
1671
1671
1673
1673
1674
1675
1676
1676
1677
1678
1680
1680
1681
1681
1682
1682
1683
1683
1683
1684
1684
1684
1686
1686
1687
1687
1687
1688
1688
1688
1689
1690
1690
1691
1691
1692
1692
1692
1693
1693
1694
1695
1695
1696
1696
1697
1698
1699
1699
1700
1700
1701
1702
1703
1704
1704
1704
1705
1705
1705
1706
1707
1707
1709
1709
1709
1710
1710
1711
1711
1712
1713
1714
1716
1716
1717
1717
1717
1718
1718
1719
1719
1719
1720
1720
1720
1721
1721
1721
1722
1722
1722
1723
1723
1723
1724
1724
1725
1725
1726
1726
1727
1727
1727
1728
1728
1729
1729
1730
1731
1732
1733
1733
1734
1735
1735
1736
1736
1737
1737
1738
1739
1740
1740
1743
1743
1744
1744
1744
1745
1746
1746
1747
1747
1747
1748
1748
1749
1750
1752
1752
1752
1753
1753
1754
1754
1756
1756
1757
1757
1757
1758
1758
1759
1759
1759
1760
1760
1761
1762
1762
1762
1763
1763
1764
1765
1765
1765
1766
1766
1767
1767
1768
1768
1769
1770
1771
1771
1772
1772
1774
1774
1775
1775
1775
1775
1776
1776
1778
1779
1779
1780
1780
1780
1781
1783
1783
1784
1785
1785
1786
1787
1787
1788
1788
1789
1790
1790
1791
1791
1792
1793
1794
1795
1795
1795
1796
1796
1797
1797
1798
1799
1799
1799
1801
1801
1802
1802
1803
1803
1804
1804
1804
1806
1807
1807
1808
1809
1809
1810
1811
1811
1812
1812
1813
1813
1814
1814
1815
1816
1816
1816
1818
1819
1819
1819
1820
1820
1820
1821
1821
1821
1821
1824
1824
1824
1825
1826
1827
1828
1828
1828
1828
1830
1831
1832
1832
1832
1833
1834
1834
1835
1836
1836
1837
1837
1838
1838
1838
1839
1839
1840
1841
1842
1842
1843
1845
1846
1846
1846
1847
1848
1849
1850
1851
1851
1851
1851
1852
1853
1853
1853
1855
1855
1857
1857
1858
1858
1858
1860
1860
1863
1864
1864
1866
1866
1867
1867
1867
1868
1870
1870
1871
1872
1872
1873
1874
1875
1875
1876
1877
1877
1877
1878
1878
1878
1879
1879
1880
1880
1880
1881
1882
1883
1883
1884
1885
1886
1886
1886
1887
1887
1887
1888
1888
1889
1890
1890
1891
1891
1892
1893
1893
1894
1895
1896
1896
1897
1899
1899
1900
1900
1901
1902
1903
1903
1904
1905
1905
1906
1906
1907
1908
1908
1908
1909
1910
1911
1911
1912
1913
1913
1914
1914
1915
1915
1916
1916
1916
1916
1917
1917
1919
1920
1920
1921
1922
1922
1923
1924
1924
1925
1926
1927
1928
1928
1929
1929
1930
1930
1930
1931
1933
1935
1935
1936
1937
1937
1938
1938
1939
1940
1941
1942
1942
1943
1943
1944
1945
1945
1945
1947
1948
1949
1950
1950
1950
1951
1951
1952
1952
1952
1953
1954
1954
1956
1957
1957
1958
1958
1958
1959
1959
1959
1960
1960
1961
1962
1962
1963
1963
1963
1963
1964
1965
1965
1966
1966
1966
1967
1969
1969
1972
1972
1973
1973
1974
1974
1974
1974
1975
1975
1976
1977
1978
1979
1979
1980
1983
1984
1985
1986
1986
1986
1987
1988
1988
1989
1990
1991
1991
1991
1992
1994
1994
1994
1994
1995
1995
1996
1999
2000
2001
2002
2003
2004
2004
2005
2006
2006
2007
2007
2009
2009
2010
2011
2012
2012
2013
2015
2017
2017
2017
2018
2018
2019
2020
2020
2021
2021
2021
2022
2022
2023
2024
2025
2026
2027
2027
2028
2028
2028
2029
2029
2030
2031
2032
2033
2033
2034
2034
2034
2035
2035
2036
2037
2038
2040
2042
2042
2042
2043
2044
2044
2045
2046
2046
2047
2048
2049
2051
2052
2052
2053
2054
2055
2055
2056
2058
2058
2059
2060
2063
2063
2064
2064
2064
2065
2067
2068
2069
2069
2069
2073
2073
2073
2074
2074
2075
2075
2076
2077
2077
2078
2078
2080
2081
2082
2083
2083
2084
2085
2085
2086
2086
2086
2087
2088
2089
2089
2089
2090
2091
2091
2092
2093
2093
2093
2094
2094
2094
2095
2095
2095
2096
2097
2097
2099
2100
2101
2102
2102
2103
2103
2104
2104
2105
2106
2108
2109
2109
2109
2110
2112
2112
2113
2113
2113
2115
2115
2115
2120
2121
2122
2123
2124
2125
2125
2129
2131
2132
2132
2133
2134
2136
2139
2139
2140
2142
2144
2145
2147
2148
2149
2149
2150
2150
2151
2151
2152
2152
2153
2153
2155
2155
2155
2156
2156
2157
2158
2159
2159
2160
2160
2161
2163
2163
2164
2165
2165
2166
2166
2166
2168
2168
2169
2169
2170
2170
2171
2171
2172
2173
2174
2175
2175
2176
2177
2177
2177
2179
2180
2181
2182
2183
2184
2184
2184
2185
2186
2190
2191
2193
2194
2194
2195
2195
2197
2197
2198
2198
2198
2199
2200
2200
2201
2201
2201
2202
2202
2204
2204
2205
2205
2206
2207
2208
2208
2209
2209
2210
2211
2211
2212
2212
2213
2215
2215
2215
2216
2216
2217
2218
2220
2222
2222
2224
2224
2225
2228
2231
2231
2232
2233
2235
2236
2236
2237
2237
2237
2239
2240
2242
2242
2243
2243
2243
2244
2245
2246
2246
2247
2248
2248
2251
2252
2253
2255
2255
2256
2256
2256
2257
2258
2259
2259
2260
2260
2261
2261
2262
2263
2264
2265
2265
2266
2266
2267
2268
2269
2269
2269
2270
2270
2271
2271
2271
2272
2272
2272
2273
2274
2275
2275
2276
2277
2278
2278
2278
2279
2280
2280
2281
2282
2283
2284
2285
2285
2286
2287
2288
2289
2289
2290
2290
2292
2292
2292
2293
2294
2294
2295
2296
2296
2297
2299
2300
2300
2301
2302
2303
2304
2305
2306
2307
2308
2308
2309
2310
2311
2311
2312
2312
2313
2314
2314
2314
2315
2316
2316
2318
2319
2319
2320
2322
2322
2323
2324
2324
2326
2326
2328
2329
2329
2330
2332
2333
2333
2334
2334
2335
2335
2336
2336
2336
2337
2338
2339
2339
2340
2341
2342
2346
2347
2348
2348
2350
2351
2351
2352
2353
2354
2354
2355
2355
2356
2357
2358
2359
2361
2361
2363
2363
2363
2364
2364
2365
2365
2365
2366
2368
2368
2369
2370
2372
2373
2373
2375
2375
2377
2377
2379
2379
2380
2381
2384
2384
2385
2386
2387
2387
2388
2389
2389
2390
2391
2392
2392
2394
2395
2397
2397
2397
2398
2401
2402
2402
2402
2403
2404
2405
2406
2407
2408
2408
2408
2409
2409
2409
2409
2410
2411
2411
2411
2411
2415
2416
2417
2418
2418
2419
2420
2421
2422
2423
2423
2424
2426
2427
2428
2428
2428
2431
2431
2432
2434
2434
2435
2437
2437
2438
2438
2439
2440
2442
2443
2445
2446
2446
2447
2447
2448
2449
2449
2450
2450
2451
2451
2452
2452
2453
2456
2456
2457
2458
2458
2459
2459
2460
2462
2462
2463
2465
2465
2466
2468
2468
2469
2470
2470
2470
2471
2471
2474
2475
2478
2478
2478
2479
2480
2483
2484
2485
2487
2487
2488
2488
2488
2491
2492
2492
2493
2493
2493
2495
2496
2496
2497
2498
2499
2501
2501
2504
2505
2507
2507
2508
2509
2510
2511
2512
2512
2513
2514
2514
2515
2515
2515
2517
2519
2519
2520
2523
2525
2525
2526
2527
2528
2529
2532
2532
2533
2533
2533
2534
2535
2535
2536
2536
2537
2538
2538
2539
2539
2539
2540
2541
2541
2544
2544
2545
2546
2546
2547
2549
2549
2550
2550
2551
2552
2552
2553
2553
2554
2554
2554
2555
2556
2556
2558
2559
2560
2561
2562
2563
2563
2563
2566
2567
2567
2569
2570
2571
2571
2572
2574
2574
2575
2575
2578
2579
2580
2583
2585
2585
2586
2588
2589
2589
2591
2593
2593
2595
2596
2597
2597
2597
2598
2598
2599
2600
2600
2602
2603
2604
2605
2605
2606
2606
2608
2609
2611
2613
2613
2614
2614
2615
2616
2616
2617
2620
2621
2623
2624
2624
2625
2627
2627
2628
2628
2629
2630
2631
2631
2632
2633
2634
2634
2635
2636
2638
2640
2641
2642
2642
2643
2645
2649
2651
2652
2652
2655
2656
2656
2658
2661
2661
2665
2668
2669
2669
2670
2671
2672
2674
2675
2676
2677
2677
2678
2679
2681
2681
2682
2682
2684
2685
2686
2686
2687
2687
2689
2689
2690
2691
2691
2692
2692
2693
2693
2694
2695
2696
2697
2697
2698
2698
2699
2700
2702
2702
2703
2704
2704
2706
2706
2707
2709
2709
2709
2710
2710
2711
2711
2712
2712
2712
2713
2714
2714
2715
2716
2716
2717
2717
2718
2720
2722
2724
2725
2725
2727
2729
2729
2731
2735
2735
2736
2738
2742
2744
2744
2745
2746
2747
2747
2749
2750
2751
2752
2753
2756
2757
2760
2761
2762
2763
2765
2766
2767
2770
2770
2771
2772
2773
2776
2776
2776
2777
2780
2782
2784
2785
2785
2785
2787
2790
2791
2792
2793
2794
2795
2796
2797
2797
2798
2799
2800
2801
2801
2802
2804
2805
2806
2808
2809
2810
2811
2812
2812
2818
2820
2821
2822
2823
2823
2827
2828
2828
2829
2830
2831
2833
2834
2835
2837
2839
2841
2842
2842
2842
2843
2843
2844
2845
2846
2847
2848
2849
2850
2850
2850
2851
2853
2853
2854
2854
2856
2858
2859
2860
2860
2861
2861
2862
2862
2863
2865
2866
2866
2868
2870
2871
2874
2875
2878
2879
2880
2880
2881
2882
2883
2884
2885
2885
2885
2886
2887
2888
2888
2890
2890
2891
2894
2896
2897
2897
2898
2898
2899
2902
2903
2903
2904
2904
2905
2907
2907
2908
2908
2910
2910
2911
2911
2911
2912
2914
2915
2916
2917
2917
2919
2921
2925
2925
2929
2930
2931
2932
2934
2935
2935
2937
2937
2941
2943
2947
2948
2949
2952
2953
2954
2957
2958
2961
2961
2962
2963
2969
2970
2971
2973
2980
2980
2981
2982
2984
2984
2984
2985
2986
2986
2987
2987
2989
2991
2995
2997
3000
3001
3001
3003
3004
3005
3005
3008
3008
3009
3010
3013
3021
3023
3024
3024
3027
3029
3029
3030
3031
3031
3034
3038
3042
3042
3042
3043
3047
3049
3051
3053
3055
3059
3060
3066
3067
3067
3068
3069
3072
3074
3074
3075
3075
3075
3076
3078
3078
3079
3080
3082
3088
3091
3092
3094
3094
3097
3101
3102
3105
3109
3110
3112
3119
3119
3121
3123
3124
3124
3126
3126
3127
3137
3139
3139
3140
3144
3145
3151
3152
3154
3155
3159
3162
3162
3163
3164
3165
3166
3168
3168
3169
3170
3172
3174
3175
3176
3178
3180
3184
3188
3189
3190
3191
3192
3199
3200
3203
3203
3204
3206
3207
3208
3210
3211
3214
3216
3217
3218
3219
3220
3220
3225
3227
3233
3234
3234
3236
3243
3244
3245
3248
3250
3251
3251
3258
3264
3266
3267
3270
3271
3277
3279
3280
3284
3285
3287
3288
3288
3291
3294
3297
3299
3299
3300
3304
3307
3310
3313
3316
3317
3318
3318
3321
3322
3323
3323
3324
3327
3330
3333
3335
3342
3346
3349
3352
3356
3356
3358
3361
3362
3365
3370
3372
3373
3374
3374
3378
3378
3378
3382
3385
3385
3386
3386
3389
3390
3395
3408
3408
3411
3414
3415
3427
3428
3430
3433
3437
3439
3441
3442
3443
3457
3458
3458
3461
3464
3465
3467
3470
3473
3474
3474
3480
3483
3490
3496
3500
3501
3503
3504
3511
3512
3514
3516
3522
3524
3524
3525
3536
3536
3537
3540
3541
3555
3558
3559
3559
3560
3565
3568
3571
3572
3574
3580
3580
3586
3586
3588
3589
3595
3595
3596
3598
3598
3599
3600
3607
3608
3609
3618
3619
3630
1
6
7
21
22
22
22
30
33
35
36
44
50
53
58
60
61
65
66
68
71
72
76
85
89
95
95
96
98
106
106
111
112
113
114
122
125
131
131
142
146
152
155
159
163
164
165
174
176
178
179
191
197
198
206
212
214
215
216
219
223
227
228
230
232
236
246
248
254
261
262
267
275
276
277
278
281
281
287
290
296
298
305
308
310
313
327
331
342
348
354
354
356
356
356
357
360
364
365
366
367
368
371
372
374
374
375
376
376
380
384
408
415
421
424
425
434
442
446
448
454
457
460
461
477
478
481
481
485
490
493
494
498
502
509
510
513
514
527
528
531
532
537
546
547
547
552
553
554
560
563
567
568
569
570
573
577
578
579
581
581
586
587
589
600
607
607
608
610
616
616
618
623
624
625
630
632
634
636
638
642
645
649
667
669
671
674
677
677
681
683
685
686
689
702
708
716
716
721
730
733
738
740
745
748
751
752
754
757
760
763
774
778
782
785
788
789
793
800
800
810
812
813
815
816
820
820
830
835
835
838
839
843
844
848
858
860
862
863
865
869
874
882
884
888
889
901
907
910
912
918
929
931
936
941
944
944
947
961
970
972
973
978
980
981
983
986
998
1002
1003
1012
1020
1022
1025
1031
1033
1036
1039
1045
1050
1058
1061
1065
1071
1077
1079
1083
1086
1089
1091
1104
1105
1105
1106
1106
1107
1112
1114
1117
1118
1122
1126
1129
1132
1135
1136
1140
1141
1145
1147
1149
1151
1152
1157
1158
1162
1167
1168
1169
1170
1175
1178
1182
1184
1185
1185
1191
1197
1198
1199
1202
1205
1206
1213
1219
1226
1228
1234
1256
1257
1264
1270
1272
1275
1278
1279
1281
1282
1290
1291
1301
1309
1312
1313
1330
1330
1331
1335
1337
1338
1340
1342
1346
1358
1361
1373
1376
1378
1382
1386
1387
1388
1388
1389
1390
1391
1392
1394
1398
1399
1402
1402
1403
1409
1413
1417
1422
1424
1425
1430
1431
1435
1438
1439
1440
1440
1446
1449
1467
1469
1472
1473
1473
1477
1480
1480
1481
1487
1491
1492
1493
1498
1500
1503
1507
1509
1510
1513
1515
1516
1518
1518
1526
1529
1534
1536
1537
1539
1539
1546
1547
1556
1562
1566
1573
1588
1589
1589
1605
1629
1629
1630
1631
1633
1640
1645
1646
1648
1651
1652
1657
1665
1668
1678
1679
1694
1695
1696
1698
1701
1705
1710
1711
1712
1715
1715
1716
1723
1729
1742
1745
1745
1753
1759
1760
1764
1766
1767
1773
1777
1779
1783
1784
1787
1809
1815
1822
1825
1826
1827
1827
1830
1831
1834
1842
1847
1848
1848
1852
1853
1855
1858
1861
1867
1869
1869
1876
1879
1880
1882
1883
1884
1893
1893
1910
1915
1924
1925
1927
1931
1937
1942
1945
1947
1951
1953
1957
1968
1969
1976
1981
1987
1993
1997
1997
1998
2006
2016
2029
2032
2035
2037
2041
2043
2047
2056
2058
2059
2061
2062
2063
2066
2070
2072
2074
2075
2076
2079
2079
2080
2084
2086
2089
2090
2094
2099
2099
2102
2105
2106
2108
2111
2112
2115
2116
2117
2122
2123
2130
2130
2131
2132
2133
2135
2136
2137
2137
2139
2140
2143
2146
2156
2157
2161
2165
2172
2180
2181
2181
2182
2185
2189
2193
2201
2202
2204
2206
2210
2218
2220
2221
2221
2225
2228
2231
2235
2240
2251
2258
2267
2270
2277
2280
2282
2283
2283
2288
2297
2299
2301
2309
2310
2316
2317
2326
2329
2332
2335
2338
2341
2343
2344
2347
2356
2358
2365
2367
2371
2372
2377
2378
2382
2383
2384
2386
2389
2392
2393
2398
2400
2405
2413
2420
2426
2433
2451
2452
2456
2459
2459
2460
2462
2464
2467
2477
2482
2489
2494
2495
2501
2504
2505
2513
2527
2529
2530
2532
2535
2543
2547
2547
2548
2553
2554
2555
2560
2563
2570
2573
2575
2577
2582
2585
2603
2603
2603
2605
2606
2607
2609
2615
2618
2621
2639
2644
2646
2652
2654
2663
2673
2682
2683
2688
2689
2691
2692
2700
2707
2722
2726
2726
2728
2733
2739
2741
2742
2745
2748
2751
2754
2755
2760
2763
2764
2766
2766
2767
2768
2768
2772
2779
2780
2782
2786
2790
2796
2800
2800
2810
2822
2823
2824
2824
2829
2838
2844
2845
2846
2853
2855
2855
2856
2863
2872
2873
2876
2878
2885
2892
2895
2897
2910
2914
2923
2924
2936
2939
2941
2942
2943
2945
2945
2946
2947
2952
2952
2954
2957
2963
2966
2975
2976
2991
2992
2993
2993
2994
2998
3001
3006
3007
3010
3012
3026
3028
3039
3040
3047
3053
3063
3064
3072
3075
3076
3082
3084
3086
3087
3092
3098
3104
3106
3106
3107
3110
3111
3113
3116
3119
3120
3120
3124
3129
3131
3131
3132
3138
3140
3141
3145
3147
3153
3155
3159
3165
3168
3169
3176
3177
3177
3179
3181
3189
3195
3197
3202
3211
3214
3217
3219
3225
3226
3230
3231
3232
3233
3237
3240
3248
3253
3259
3261
3264
3267
3267
3267
3271
3272
3281
3282
3286
3290
3294
3295
3299
3299
3303
3306
3307
3308
3309
3310
3313
3315
3315
3319
3320
3324
3324
3331
3331
3332
3338
3347
3349
3350
3350
3355
3356
3364
3366
3371
3374
3377
3379
3380
3384
3387
3388
3393
3399
3401
3401
3402
3404
3406
3409
3410
3413
3414
3421
3431
3433
3434
3435
3435
3446
3448
3454
3457
3460
3462
3467
3468
3470
3471
3472
3473
3475
3476
3479
3481
3482
3484
3487
3489
3489
3504
3505
3511
3515
3517
3521
3523
3526
3536
3537
3537
3539
3540
3544
3545
3546
3549
3550
3552
3565
3567
3570
3572
3582
3583
3587
3587
3592
3593
3602
3603
3606
3609
3609
3610
3613
3614
3617
3626
1119
2654
624
1492
2876
2998
1197
68
1439
1338
1742
2605
2591
3347
2764
1172
1175
318
2106
1163
3006
2091
159
3547
3169
2192
1503
1406
3103
94
3591
2745
1
448
751
1474
2136
3363
2182
2188
858
2637
2210
2784
1510
2959
3349
409
1325
189
2176
1693
1773
987
1168
2118
1291
346
1651
2078
936
855
76
2778
546
486
931
2558
2553
1840
2240
2802
912
3405
3332
2184
1392
1463
2068
1120
1466
737
627
3394
3618
200
48
955
1535
703
1015
1300
120
963
1445
469
2670
3416
3459
643
580
13
238
2919
790
529
3343
2690
2628
1664
2889
776
1087
1714
2968
3052
1095
2147
2380
2412
1353
3203
24
3601
2492
2640
664
2584
602
2486
81
2894
2727
2721
3135
2500
1360
517
1731
2631
1675
1552
819
1381
1222
2457
260
1818
435
432
1685
526
1214
137
2916
3428
1451
968
1762
3314
3109
1763
3102
3114
3608
2720
288
1395
1049
2401
445
3070
2279
724
3059
1434
3442
3463
2918
1774
1952
2364
3590
2652
2748
287
366
1493
348
3379
1701
1884
1213
312
2111
2651
1329
1777
2548
860
756
2170
2333
3368
2507
237
3548
1804
3260
3403
3245
850
1374
2696
3386
2013
1287
3255
3057
3046
870
3071
864
444
1635
827
329
322
1442
177
3276
1418
1128
2619
711
1932
1354
2837
3085
1967
871
3534
3437
1988
3627
3066
3619
945
57
2716
3492
2798
1286
1302
1299
620
872
2907
401
2352
3021
506
720
886
2217
1782
2629
1805
1977
347
511
2877
3293
2668
3632
1187
487
2205
2871
2909
3069
1212
427
3488
1528
2096
1304
1160
2374
1055
394
221
194
1819
2864
1144
1586
1133
1929
544
2834
2641
41
440
651
2232
2896
565
1414
3447
319
470
387
1209
459
747
468
1429
515
2490
172
2207
1121
181
2536
2569
806
1887
3631
792
2478
2814
397
2915
894
2114
105
534
3351
476
466
3348
559
660
1649
205
1856
1758
710
285
1011
1268
1444
1401
2561
3451
3018
1857
2197
2230
3118
3557
770
1912
732
771
1727
87
1765
2958
2974
1841
1246
2350
479
1677
1835
2508
2015
1372
548
3222
2541
2821
1739
2407
1375
3501
818
2233
3038
3397
962
2678
824
530
1750
280
1792
3419
2154
1936
1903
190
1964
635
2339
2595
3342
3051
293
2623
1092
1970
3
2971
316
1090
3060
772
2134
3239
10
3194
381
2526
3193
393
3340
2725
1315
175
2544
2480
518
519
433
2502
2519
3017
3105
3108
1014
1336
899
1419
726
1875
2762
2788
484
2216
902
3058
3199
1686
311
1751
309
2920
1321
1174
3201
991
3192
2238
897
1752
436
2441
2818
2819
2148
132
2430
2353
1452
2427
3594
321
1276
3152
1370
3597
556
2860
693
3263
3163
2813
2348
633
1859
953
937
1016
1590
2832
1266
1683
3136
1803
2735
691
3530
2448
1689
447
2445
1115
781
1317
2537
1073
857
2820
2830
2711
3502
414
2203
1458
2200
2566
2740
992
3429
2712
46
2295
2003
656
3605
2697
1888
2807
32
1220
964
621
921
3133
766
1365
3065
1748
2337
3173
1495
392
3196
1769
1177
601
1201
412
3172
505
841
78
1345
1817
2539
352
1980
1814
2650
1771
75
378
391
1497
3112
3170
613
3097
704
1798
2588
1837
3554
1488
3417
856
2815
2437
283
3390
1506
3337
1870
1059
499
893
1901
2163
2293
2520
1324
743
1379
449
2660
1663
614
207
2399
1332
1143
1555
2517
1161
1661
1718
3246
842
3227
1512
3275
933
2808
474
798
1738
543
2987
2988
1333
913
2346
1305
3383
242
709
2995
1448
2128
325
2447
2461
1139
3205
2614
2151
429
1057
3562
2890
2038
1441
11
3420
3180
3178
124
3238
2729
2719
1008
2972
229
3336
315
2034
139
2473
170
1613
201
115
1598
1921
2979
1207
1549
3268
1428
3513
1426
410
536
533
2266
885
407
1991
2141
727
295
728
1732
694
1885
51
2593
1462
1465
1706
3186
441
186
852
657
3185
3209
2839
2318
1896
2510
628
1035
3556
1437
3358
1878
2929
2572
1532
2190
1934
2977
895
538
3223
1673
1972
2171
480
3353
500
1195
3257
585
1564
612
2436
1293
1650
3144
1127
26
562
575
3533
3274
605
1397
3532
1180
1252
2783
2592
67
1889
1890
3207
3175
3224
3220
622
2236
3182
3200
2036
1471
2305
501
91
3304
867
3117
1954
1269
3249
673
1237
712
1829
1242
3027
3244
3033
2752
1241
678
821
1103
3341
1866
1203
817
1575
1660
1347
1568
659
661
188
2546
1823
2174
777
1148
542
2021
1895
3335
1918
180
1687
2162
3161
3360
3323
3023
2001
3061
2616
3030
915
2214
39
2598
2949
1877
1844
1644
2997
2744
258
2252
3318
3014
1897
802
571
3516
3243
898
1349
1926
2340
473
2098
690
2008
2590
698
954
950
3218
574
1905
1196
1460
3284
1843
3228
1380
3400
3034
2418
1909
1907
2150
2514
1978
909
3296
2044
3190
1641
2209
1642
1741
2375
976
1659
328
2475
551
3184
2175
1719
3450
411
1297
3187
1697
2439
2239
956
2307
1581
2360
2191
2046
418
2312
3528
3535
1582
2978
592
3311
617
2027
363
558
1776
3252
3579
700
1949
1263
1098
452
1833
324
658
2472
2557
2565
2354
2487
2622
492
1006
3359
932
3191
804
2077
2932
629
1088
1747
2177
927
516
1239
583
423
1221
2049
1110
1229
646
2534
3375
713
3478
2387
594
27
208
3035
878
2402
3584
1261
845
2882
3425
2009
2018
1928
2653
2195
3279
2322
2799
3531
1479
2423
438
1604
3560
3301
2415
3415
994
795
369
2290
2499
1733
2051
456
1131
2302
3305
3280
3300
2458
70
83
1038
1311
49
2506
2005
2404
1874
225
340
1810
2743
729
2596
3423
2069
2088
1249
908
654
2012
2219
2444
2659
2550
2454
1979
1930
3328
2101
2284
1341
1314
3150
1757
2545
887
335
1923
1900
1176
117
2443
759
2145
985
503
561
2024
3329
1052
3115
2597
1407
2092
1691
1811
2912
1772
541
2684
1796
868
741
1836
361
1318
1455
3019
1676
2676
1846
3561
3269
935
2054
3056
684
1800
144
337
138
304
1265
1138
1816
1965
3558
1123
235
3586
213
1789
1164
1094
3322
1200
701
1427
3254
353
2357
2385
2891
2260
1283
1303
1274
697
2730
135
2503
971
379
3507
3542
604
549
2685
1985
3287
1410
1420
2253
3334
2601
719
2580
417
3373
1456
948
2255
3288
3283
2732
107
1863
688
3412
345
1260
2866
522
3043
1504
2474
2237
127
2965
3093
906
670
3578
2261
1146
463
2851
1667
734
291
3574
133
3067
2481
2313
2950
2319
2675
2967
472
1561
1350
2706
3011
2630
1944
2366
1591
504
1873
1351
1134
1068
988
3100
1416
1606
202
1654
1000
126
1227
1048
1868
3455
891
2250
1595
2289
1021
1688
3079
3600
3580
1289
3497
2705
3095
938
1173
801
3628
2948
1044
1334
332
1626
803
679
2373
3569
2395
73
809
1563
2717
833
3509
1658
1245
419
471
783
192
1482
3491
2852
3551
233
272
1655
2791
2485
3385
2956
2268
148
1610
168
1544
2633
1580
282
2376
3256
717
2953
1600
3500
2906
1699
2902
2667
129
1520
2982
1602
3216
2345
826
2679
2528
1690
521
928
1569
3362
859
2311
742
1368
2249
3025
136
1558
2756
3032
93
1064
1898
822
2608
1839
2704
2811
3022
3392
919
1913
3432
1781
2515
923
2962
2792
1236
2065
1806
3090
1622
786
2057
2025
903
2379
1505
584
2391
3524
1730
3461
2701
984
289
2893
1084
1047
330
2865
292
2469
55
2665
1584
239
1032
3389
1636
56
84
2567
3050
1653
2455
2775
3081
1624
1734
3445
140
1307
896
3465
1412
3009
2026
2525
2265
119
3604
3089
2850
2922
42
1603
1618
767
1612
3456
1490
166
1609
12
3212
1037
2773
3486
3146
1587
1062
1046
3622
1501
2757
2681
1153
2273
1159
1254
2396
2173
250
1041
2927
3621
2848
3443
1363
241
957
2149
2931
1496
979
1018
1296
974
2940
3096
279
1755
999
1601
334
1384
924
3426
1628
3041
993
1570
2747
1188
274
253
134
2587
540
2286
2321
1072
2642
2245
875
1102
1517
990
3345
2874
1560
1643
1548
1371
2450
234
1585
1632
3130
599
814
1010
2483
1669
1808
1940
4
1366
2330
2048
2257
1240
2328
2899
765
2031
1768
1565
1941
209
749
3094
880
1211
3045
598
2881
3156
204
2097
2303
1770
665
3439
203
647
1081
286
2913
2568
926
80
1004
3474
2880
3595
829
1489
1593
2518
2349
1554
153
3575
3494
109
79
735
439
100
1579
3493
2017
1056
3073
836
1611
2709
1355
2263
1005
2857
879
145
182
3365
2626
2093
2827
183
1461
965
245
244
1502
2522
1614
3123
390
2868
1383
873
2900
2708
2276
1637
3024
3629
2351
1093
2680
1125
3424
3527
2002
306
1674
1576
2859
925
1627
3585
199
45
3391
1854
1721
808
900
1607
1592
2429
299
2259
2847
811
2324
1620
3411
2014
3298
3213
3208
3134
2449
2674
1522
156
185
2777
1594
1671
1224
3571
2244
1316
2723
2887
653
1247
989
3031
2702
3498
8
784
2320
3083
881
2901
595
2476
3452
3566
2944
77
2033
247
3616
2369
2422
977
3483
2925
2104
1662
2030
3611
64
2983
1454
520
1639
3247
3004
2828
2825
416
413
3183
2419
1975
151
725
2781
2793
2785
2787
103
2129
3080
1364
2300
1019
)


// ************************************************************************* //
