/*--------------------------------*- C++ -*----------------------------------*\
| =========                 |                                                 |
| \\      /  F ield         | OpenFOAM: The Open Source CFD Toolbox           |
|  \\    /   O peration     | Version:  2512                                  |
|   \\  /    A nd           | Website:  www.openfoam.com                      |
|    \\/     M anipulation  |                                                 |
\*---------------------------------------------------------------------------*/
FoamFile
{
    version     2.0;
    format      ascii;
    arch        "LSB;label=32;scalar=64";
    class       vectorField;
    location    "constant/basis/polyMesh";
    object      points;
}
// * * * * * * * * * * * * * * * * * * * * * * * * * * * * * * * * * * * * * //


1330
(
(0.042 0.04 0.002)
(0.042 0 0.002)
(0 0.04 0.002)
(0 0 0.002)
(0.072 0.16 0.002)
(0.072 0.16 0)
(0.072 -0.08 0.002)
(0.072 -0.08 0)
(-0.03 0.16 0.002)
(-0.03 0.16 0)
(-0.03 -0.08 0.002)
(-0.03 -0.08 0)
(-0.03 -0.07725414 0)
(-0.03 -0.07279177 0)
(-0.03 -0.06588045 0)
(-0.03 -0.0563999 0)
(-0.03 -0.04623 0)
(-0.03 -0.03606009 0)
(-0.03 -0.02589018 0)
(-0.03 -0.01572027 0)
(-0.03 -0.005550357 0)
(-0.03 0.004619552 0)
(-0.03 0.01478946 0)
(-0.03 0.02495937 0)
(-0.03 0.03512928 0)
(-0.03 0.04529919 0)
(-0.03 0.0554691 0)
(-0.03 0.06563901 0)
(-0.03 0.07580892 0)
(-0.03 0.08597883 0)
(-0.03 0.09614874 0)
(-0.03 0.1063186 0)
(-0.03 0.1164886 0)
(-0.03 0.1266585 0)
(-0.03 0.136651 0)
(-0.03 0.144872 0)
(-0.03 0.1508746 0)
(-0.03 0.1549559 0)
(-0.03 0.1578273 0)
(-0.02756781 -0.08 0)
(-0.02304663 -0.08 0)
(-0.01583845 -0.08 0)
(-0.006525147 -0.08 0)
(0.003571279 -0.08 0)
(0.01366771 -0.08 0)
(0.02376413 -0.08 0)
(0.03386056 -0.08 0)
(0.04395698 -0.08 0)
(0.05349647 -0.08 0)
(0.06092927 -0.08 0)
(0.06584129 -0.08 0)
(0.06942232 -0.08 0)
(0.072 -0.07735502 0)
(0.072 -0.07321649 0)
(0.072 -0.06758951 0)
(0.072 -0.05915562 0)
(0.072 -0.04928228 0)
(0.072 -0.03940894 0)
(0.072 -0.0295356 0)
(0.072 -0.01966226 0)
(0.072 -0.009788915 0)
(0.072 8.442723e-05 0)
(0.072 0.009957769 0)
(0.072 0.01983111 0)
(0.072 0.02970445 0)
(0.072 0.0395778 0)
(0.072 0.04945114 0)
(0.072 0.05932448 0)
(0.072 0.06919782 0)
(0.072 0.07907116 0)
(0.072 0.0889445 0)
(0.072 0.09881785 0)
(0.072 0.1086912 0)
(0.072 0.1185645 0)
(0.072 0.1284379 0)
(0.072 0.1379868 0)
(0.072 0.1457189 0)
(0.072 0.1512604 0)
(0.072 0.1551576 0)
(0.072 0.1579004 0)
(-0.02755297 0.16 0)
(-0.0229786 0.16 0)
(-0.01573641 0.16 0)
(-0.006334581 0.16 0)
(0.003809486 0.16 0)
(0.01395355 0.16 0)
(0.02409762 0.16 0)
(0.03424169 0.16 0)
(0.04438576 0.16 0)
(0.05392563 0.16 0)
(0.06084897 0.16 0)
(0.06579997 0.16 0)
(0.06940834 0.16 0)
(-0.02574357 -0.07566663 0)
(-0.02253259 -0.06078807 0)
(-0.02126935 -0.04116205 0)
(-0.02115816 -0.02058196 0)
(-0.0214727 -0.0001903198 0)
(-0.0211533 0.01997751 0)
(-0.02106428 0.04027247 0)
(-0.02109282 0.06053736 0)
(-0.02103928 0.08089583 0)
(-0.02089569 0.1012848 0)
(-0.02118673 0.1216584 0)
(-0.0232822 0.1408932 0)
(-0.02544618 0.152447 0)
(-0.01080368 -0.07249232 0)
(-0.001245972 -0.07154039 0)
(0.008786443 -0.07108835 0)
(0.01902545 -0.07088712 0)
(0.02912887 -0.07099898 0)
(0.03887443 -0.07172541 0)
(0.04850734 -0.07196078 0)
(0.06382122 -0.07443967 0)
(0.06840038 -0.07621966 0)
(0.06805418 -0.07148818 0)
(0.0627378 -0.05535906 0)
(0.06264625 -0.04493573 0)
(0.06280658 -0.03472475 0)
(0.06299464 -0.02454188 0)
(0.06311673 -0.0144 0)
(0.0631744 -0.004431624 0)
(0.06327387 0.00541405 0)
(0.06323876 0.01511762 0)
(0.06317367 0.02477025 0)
(0.06313361 0.03446063 0)
(0.06310792 0.04411917 0)
(0.06320199 0.05409671 0)
(0.06322734 0.06412127 0)
(0.06325002 0.07409152 0)
(0.0632548 0.08396911 0)
(0.0632701 0.0937911 0)
(0.06326547 0.1035973 0)
(0.06317544 0.1134009 0)
(0.06302892 0.1231153 0)
(0.06315991 0.1325044 0)
(0.06405114 0.1413579 0)
(0.06840776 0.1534468 0)
(0.06862022 0.1570627 0)
(-0.02043948 0.1548375 0)
(-0.001723327 0.1517708 0)
(0.0191196 0.1513396 0)
(0.03981699 0.1515802 0)
(0.05822949 0.1537594 0)
(-0.02629157 0.1564918 0)
(-0.0241225 -0.06925367 0)
(-0.02161894 -0.0511995 0)
(-0.02117241 -0.03089719 0)
(-0.02134568 -0.01030706 0)
(-0.02135715 0.009768717 0)
(-0.02100821 0.03013526 0)
(-0.02112663 0.05041287 0)
(-0.02108424 0.07070307 0)
(-0.02095354 0.09109688 0)
(-0.02096876 0.1114625 0)
(-0.02185297 0.1316822 0)
(-0.02550257 0.1472963 0)
(-0.0192149 -0.07407389 0)
(0.05719657 -0.07240394 0)
(0.06516987 0.1491993 0)
(0.06399295 -0.06605055 0)
(0.0086817 0.1513947 0)
(-0.0121247 0.1528653 0)
(0.02954213 0.1513226 0)
(0.04961496 0.1524803 0)
(0.06427035 0.155579 0)
(0.002997303 0.1428452 0)
(-0.01245575 -0.03614307 0)
(-0.0123879 -0.01495754 0)
(-0.01372054 0.004431912 0)
(-0.01271835 0.02518917 0)
(-0.01234324 0.04542906 0)
(-0.01219611 0.06556697 0)
(-0.01200647 0.08598671 0)
(-0.0117301 0.1064455 0)
(-0.01254097 0.127234 0)
(-0.01435136 0.1375437 0)
(-0.01860414 0.1476124 0)
(0.02456849 0.1427011 0)
(-0.013584 -0.05668593 0)
(0.003399002 -0.06237127 0)
(0.01403767 -0.06198183 0)
(0.02472252 -0.06148752 0)
(0.03504581 -0.06223032 0)
(0.04398291 -0.06449385 0)
(0.0535287 -0.0620922 0)
(-0.016031 -0.0660006 0)
(0.05338401 -0.04006049 0)
(0.05393388 -0.02967729 0)
(0.05426115 -0.01910696 0)
(0.0544106 -0.00862716 0)
(0.05471768 0.0009068519 0)
(0.0551546 0.01045817 0)
(0.05481737 0.02005678 0)
(0.05487799 0.02956547 0)
(0.05461186 0.03898234 0)
(0.05449669 0.04857083 0)
(0.0544765 0.05890138 0)
(0.05452994 0.06914219 0)
(0.05448793 0.07907376 0)
(0.05449103 0.08886332 0)
(0.05454174 0.09857127 0)
(0.05451559 0.1082913 0)
(0.05419263 0.118086 0)
(0.05367526 0.127869 0)
(0.05424949 0.1372634 0)
(0.04621792 0.1436271 0)
(-0.01258034 -0.04664449 0)
(0.03551124 0.1426533 0)
(0.0138672 0.1427799 0)
(-0.007815987 0.1441891 0)
(-0.006706245 -0.06351401 0)
(0.05318367 -0.05058226 0)
(-0.01227619 -0.02564158 0)
(-0.01315895 -0.004446894 0)
(-0.01272231 0.01452719 0)
(-0.0125865 0.03578431 0)
(-0.01215405 0.05541991 0)
(-0.01215366 0.07574952 0)
(-0.01178662 0.09622279 0)
(-0.01206262 0.1167162 0)
(0.0562442 0.1460289 0)
(-0.00705317 0.0006478324 0)
(-0.003319804 -0.02027125 0)
(0.04351584 -0.05544793 0)
(-0.007364553 0.007691895 0)
(-0.006393464 0.01987034 0)
(-0.003215196 0.08076388 0)
(-0.003278762 0.07053674 0)
(-0.002954928 0.05016017 0)
(-0.007241822 0.03071437 0)
(-0.00327103 0.06044566 0)
(-0.002504167 0.1116655 0)
(0.01937982 -0.0524484 0)
(0.03189102 -0.05112952 0)
(0.00863403 0.1343235 0)
(0.04553591 -0.02451149 0)
(0.04592996 -0.01337885 0)
(0.04844746 0.005647575 0)
(0.04790019 0.01553747 0)
(0.0482415 0.02485261 0)
(0.04836651 0.0342791 0)
(0.04718957 0.04282633 0)
(0.04591672 0.05375398 0)
(0.0459182 0.06438853 0)
(0.0457024 0.07430336 0)
(0.04563289 0.08407823 0)
(0.04566735 0.09371536 0)
(0.04585845 0.1032098 0)
(0.04582121 0.1128081 0)
(0.04486994 0.1227101 0)
(0.04279204 0.1334671 0)
(-0.003238992 0.1335799 0)
(-0.003432002 -0.03111902 0)
(-0.002286479 0.1013472 0)
(-0.006116065 0.03545185 0)
(-0.002771881 0.09106527 0)
(-0.00544177 0.04159341 0)
(0.008542844 -0.05362514 0)
(-0.003440938 0.1219918 0)
(-0.00312051 -0.05305715 0)
(0.04441572 -0.03480114 0)
(0.01915557 0.1341258 0)
(0.04679724 -0.002697644 0)
(0.03014206 0.1341673 0)
(0.04337797 -0.04520854 0)
(-0.003850263 -0.008286729 0)
(-0.004012368 -0.04156732 0)
(0.00576908 0.08573725 0)
(0.003832795 -0.04597984 0)
(-0.006363451 0.02562065 0)
(0.005423159 0.07537532 0)
(-0.006389679 0.01402891 0)
(0.01287013 -0.04418227 0)
(0.0377108 0.06070526 0)
(0.005095666 0.05581524 0)
(0.006062306 0.0655001 0)
(0.03594978 -0.02930059 0)
(0.04297873 0.009010085 0)
(-0.002466465 0.0161866 0)
(0.0007335427 0.04455029 0)
(0.04414311 0.02951102 0)
(0.04415722 0.03874262 0)
(-0.002979045 0.0328191 0)
(0.03680608 0.06971336 0)
(0.03673009 0.07938343 0)
(0.03663997 0.08911528 0)
(0.03671144 0.09853784 0)
(0.03745147 0.1075878 0)
(0.03732653 0.1167413 0)
(0.03486765 0.1257806 0)
(0.006096619 -0.02657862 0)
(0.03784112 -0.02036232 0)
(0.02325549 -0.04228347 0)
(0.007714583 0.1066797 0)
(0.01390688 0.1250236 0)
(0.04357948 0.002716845 0)
(0.04377233 0.02033567 0)
(0.04107017 0.04749293 0)
(-0.0008315075 -0.001137065 0)
(0.007200578 0.09586984 0)
(-0.002749125 0.004550379 0)
(0.005534748 -0.01520932 0)
(-0.001822038 0.02023553 0)
(-0.002394214 0.01044505 0)
(-0.002084718 0.03682448 0)
(0.04153548 -0.001771742 0)
(0.004450404 0.1264085 0)
(0.03405158 -0.03935546 0)
(0.00514973 -0.03695491 0)
(0.006673922 0.117171 0)
(0.02400094 0.1257433 0)
(-0.002700102 0.02862039 0)
(-0.002319707 0.0240476 0)
(0.04113524 -0.007131467 0)
(0.0009835682 0.02238276 0)
(0.04303682 0.0344795 0)
(0.003136439 -0.006296308 0)
(0.01748584 0.1006434 0)
(0.005213154 0.04833672 0)
(0.001213282 0.02691334 0)
(0.03792678 0.05317807 0)
(0.04043875 0.03140719 0)
(0.04229964 0.01528889 0)
(0.01548634 0.05957504 0)
(0.04336304 0.02497628 0)
(0.02548308 -0.03196004 0)
(0.001361034 0.002529169 0)
(0.0008113769 0.01421109 0)
(4.320704e-05 0.03438228 0)
(0.01671277 -0.0228636 0)
(0.02775439 0.07445163 0)
(0.02787504 0.08460303 0)
(0.02707545 0.09428345 0)
(0.02765058 0.1038664 0)
(0.0300355 0.1118072 0)
(0.009023236 -0.009079665 0)
(0.02827781 -0.02267631 0)
(0.01502995 -0.03401318 0)
(0.01693968 0.08922308 0)
(0.001020695 0.01837245 0)
(0.04016351 0.001499737 0)
(0.03930368 0.01207064 0)
(0.01268489 0.08024295 0)
(0.0002468912 0.0311253 0)
(0.03339241 0.04847022 0)
(0.01181423 0.05083383 0)
(0.04050022 0.02737017 0)
(0.04036248 0.01888452 0)
(0.005696506 0.04307972 0)
(0.0192401 0.113658 0)
(0.04043426 0.03820904 0)
(0.03699681 -0.004073457 0)
(0.03973908 0.02285526 0)
(0.004273199 -0.001205084 0)
(0.03106845 0.05552472 0)
(-0.0004713059 0.04015143 0)
(0.008420629 -0.003919648 0)
(0.01638624 0.07082992 0)
(0.03828674 -0.01291264 0)
(0.0415171 0.04195452 0)
(0.0003754701 0.006805346 0)
(0.001149421 0.01047636 0)
(0.02892409 0.1191214 0)
(0.02700906 0.06431113 0)
(0.03436458 -0.008891298 0)
(0.0389183 0.008494004 0)
(0.0313815 -0.01484357 0)
(0.002670901 0.04094559 0)
(0.03721211 0.0405634 0)
(0.03763457 0.04439454 0)
(0.01386616 -0.006018444 0)
(0.03702678 0.02948343 0)
(0.00372772 0.03023433 0)
(0.02642227 0.04987629 0)
(0.04016776 0.005052651 0)
(0.02059611 0.07984641 0)
(0.004520997 0.01246637 0)
(0.01032418 0.04454314 0)
(0.03961669 0.034979 0)
(0.00424662 0.02441767 0)
(0.02384801 0.0562763 0)
(0.002107081 0.03756061 0)
(0.003396528 0.005088249 0)
(0.005406588 0.002233634 0)
(0.03328032 0.04284886 0)
(0.03675004 0.03710934 0)
(0.03129875 -0.00417111 0)
(0.03526846 0.009877351 0)
(0.0372647 0.02584857 0)
(0.005399052 0.03961631 0)
(0.03645323 0.01958191 0)
(0.03657144 0.03338834 0)
(0.003449552 0.03382346 0)
(0.004709671 0.01651951 0)
(0.03657293 0.002346668 0)
(0.03829679 0.01590599 0)
(0.00394306 0.008463294 0)
(0.004660937 0.02054102 0)
(0.01917299 0.0511048 0)
(0.03561983 0.00592895 0)
(0.02320112 -0.01475146 0)
(0.03780693 -0.000598329 0)
(0.01478932 -0.01274289 0)
(0.03343719 0.03902435 0)
(0.03445988 0.02295307 0)
(0.006331996 0.02771963 0)
(0.02789592 0.04385877 0)
(0.03407951 -0.0005285925 0)
(0.008632019 -0.0001235827 0)
(0.006615128 0.03644822 0)
(0.01243999 -0.001496413 0)
(0.008653825 0.02382521 0)
(0.03432411 0.01629565 0)
(0.009063678 0.01901347 0)
(0.01692611 -0.002225118 0)
(0.008777193 0.01434883 0)
(0.009111446 0.03999423 0)
(0.007512599 0.03222682 0)
(0.02776113 -0.008919948 0)
(0.01629851 0.04552458 0)
(0.006947037 0.005948272 0)
(0.008203044 0.00983245 0)
(0.009001216 0.003195693 0)
(0.03320173 0.02748329 0)
(0.03133164 0.007406005 0)
(0.03294566 0.03162901 0)
(0.02039397 -0.006644127 0)
(0.03570521 0.01331973 0)
(0.01390872 0.04037458 0)
(0.02582934 -0.003147238 0)
(0.02140331 -0.001283683 0)
(0.03047593 0.01910361 0)
(0.0149946 0.0007874321 0)
(0.01143978 0.03561706 0)
(0.02211684 0.04524164 0)
(0.0325893 0.003052289 0)
(0.03309554 0.03553755 0)
(0.02967143 -2.303487e-05 0)
(0.03084083 0.01272801 0)
(0.01202688 0.002067061 0)
(0.01904121 0.04168392 0)
(0.01364943 0.02244844 0)
(0.01396371 0.01645642 0)
(0.01834728 0.001610733 0)
(0.02904126 0.02468969 0)
(0.03007337 0.03747861 0)
(0.0248612 0.01538478 0)
(0.03049851 0.04055413 0)
(0.02888523 0.02977986 0)
(0.0173734 0.03865599 0)
(0.02942971 0.03404889 0)
(0.02751283 0.03975482 0)
(0.01824262 0.02632709 0)
(0.01543014 0.004086279 0)
(0.01525116 0.03651794 0)
(0.02405517 0.02205132 0)
(0.01190116 0.02867503 0)
(0.02637211 0.03662541 0)
(0.02548376 0.008891984 0)
(0.02174177 0.002224055 0)
(0.01160191 0.006165006 0)
(0.02820845 0.003951846 0)
(0.02051934 0.03851174 0)
(0.02516554 0.0008681882 0)
(0.01308493 0.01122698 0)
(0.01575604 0.03232753 0)
(0.01984371 0.005859266 0)
(0.01877079 0.03550809 0)
(0.01582377 0.007938262 0)
(0.02428293 0.004433561 0)
(0.02369262 0.04020021 0)
(0.01889425 0.01202512 0)
(0.02526761 0.0325995 0)
(0.01883775 0.01903631 0)
(0.02087091 0.03171858 0)
(0.02416777 0.02782595 0)
(0.02262767 0.03589521 0)
(0.072 -0.07 0.002)
(0.072 -0.06 0.002)
(0.072 -0.05 0.002)
(0.072 -0.04 0.002)
(0.072 -0.03 0.002)
(0.072 -0.02 0.002)
(0.072 -0.01 0.002)
(0.072 -2.273737e-16 0.002)
(0.072 0.01 0.002)
(0.072 0.02 0.002)
(0.072 0.03 0.002)
(0.072 0.04 0.002)
(0.072 0.05 0.002)
(0.072 0.06 0.002)
(0.072 0.07 0.002)
(0.072 0.08 0.002)
(0.072 0.09 0.002)
(0.072 0.1 0.002)
(0.072 0.11 0.002)
(0.072 0.12 0.002)
(0.072 0.13 0.002)
(0.072 0.14 0.002)
(0.072 0.15 0.002)
(-0.0198 0.16 0.002)
(-0.0096 0.16 0.002)
(0.0006 0.16 0.002)
(0.0108 0.16 0.002)
(0.021 0.16 0.002)
(0.0312 0.16 0.002)
(0.0414 0.16 0.002)
(0.0516 0.16 0.002)
(0.0618 0.16 0.002)
(-0.0198 -0.08 0.002)
(-0.0096 -0.08 0.002)
(0.0006 -0.08 0.002)
(0.0108 -0.08 0.002)
(0.021 -0.08 0.002)
(0.0312 -0.08 0.002)
(0.0414 -0.08 0.002)
(0.0516 -0.08 0.002)
(0.0618 -0.08 0.002)
(-0.03 -0.07 0.002)
(-0.03 -0.06 0.002)
(-0.03 -0.05 0.002)
(-0.03 -0.04 0.002)
(-0.03 -0.03 0.002)
(-0.03 -0.02 0.002)
(-0.03 -0.01 0.002)
(-0.03 -2.273737e-16 0.002)
(-0.03 0.01 0.002)
(-0.03 0.02 0.002)
(-0.03 0.03 0.002)
(-0.03 0.04 0.002)
(-0.03 0.05 0.002)
(-0.03 0.06 0.002)
(-0.03 0.07 0.002)
(-0.03 0.08 0.002)
(-0.03 0.09 0.002)
(-0.03 0.1 0.002)
(-0.03 0.11 0.002)
(-0.03 0.12 0.002)
(-0.03 0.13 0.002)
(-0.03 0.14 0.002)
(-0.03 0.15 0.002)
(0.001956771 0 0.002)
(0.003913542 0 0.002)
(0.005870313 0 0.002)
(0.007827085 0 0.002)
(0.009783856 0 0.002)
(0.01192479 0 0.002)
(0.01399464 0 0.002)
(0.01595142 0 0.002)
(0.01790819 0 0.002)
(0.01986496 0 0.002)
(0.02182173 0 0.002)
(0.02408378 0 0.002)
(0.02604055 0 0.002)
(0.02799732 0 0.002)
(0.02995409 0 0.002)
(0.03191086 0 0.002)
(0.03407001 0 0.002)
(0.03612969 0 0.002)
(0.03808646 0 0.002)
(0.04004323 0 0.002)
(0.042 0.001955241 0.002)
(0.042 0.003910482 0.002)
(0.042 0.005947493 0.002)
(0.042 0.008119358 0.002)
(0.042 0.0100746 0.002)
(0.042 0.01202984 0.002)
(0.042 0.01398508 0.002)
(0.042 0.01594032 0.002)
(0.042 0.01819396 0.002)
(0.042 0.0201492 0.002)
(0.042 0.02210444 0.002)
(0.042 0.02405968 0.002)
(0.042 0.02601492 0.002)
(0.042 0.02797016 0.002)
(0.042 0.03010643 0.002)
(0.042 0.03217904 0.002)
(0.042 0.03413428 0.002)
(0.042 0.03608952 0.002)
(0.042 0.03804476 0.002)
(0.001956771 0.04 0.002)
(0.003913542 0.04 0.002)
(0.005870313 0.04 0.002)
(0.007827085 0.04 0.002)
(0.009783856 0.04 0.002)
(0.01192479 0.04 0.002)
(0.01399464 0.04 0.002)
(0.01595142 0.04 0.002)
(0.01790819 0.04 0.002)
(0.01986496 0.04 0.002)
(0.02182173 0.04 0.002)
(0.02408378 0.04 0.002)
(0.02604055 0.04 0.002)
(0.02799732 0.04 0.002)
(0.02995409 0.04 0.002)
(0.03191086 0.04 0.002)
(0.03407001 0.04 0.002)
(0.03612969 0.04 0.002)
(0.03808646 0.04 0.002)
(0.04004323 0.04 0.002)
(0 0.001955241 0.002)
(0 0.003910482 0.002)
(0 0.005947493 0.002)
(0 0.008119358 0.002)
(0 0.0100746 0.002)
(0 0.01202984 0.002)
(0 0.01398508 0.002)
(0 0.01594032 0.002)
(0 0.01819396 0.002)
(0 0.0201492 0.002)
(0 0.02210444 0.002)
(0 0.02405968 0.002)
(0 0.02601492 0.002)
(0 0.02797016 0.002)
(0 0.03010643 0.002)
(0 0.03217904 0.002)
(0 0.03413428 0.002)
(0 0.03608952 0.002)
(0 0.03804476 0.002)
(-0.02106867 -0.06627525 0.002)
(-0.02138336 -0.04533902 0.002)
(-0.02185498 -0.02536653 0.002)
(-0.02142774 -0.004746314 0.002)
(-0.01901451 0.01565464 0.002)
(-0.02130744 0.03513327 0.002)
(-0.02198464 0.05501995 0.002)
(-0.0215402 0.07512186 0.002)
(-0.0214193 0.0950443 0.002)
(-0.02171793 0.1148827 0.002)
(-0.02128121 0.134639 0.002)
(-0.01329312 -0.07168283 0.002)
(-0.004280461 -0.07125465 0.002)
(0.005636351 -0.07157686 0.002)
(0.01559829 -0.07172137 0.002)
(0.02542756 -0.07171067 0.002)
(0.03514611 -0.07163923 0.002)
(0.04471821 -0.07149949 0.002)
(0.05409023 -0.07125839 0.002)
(0.06319442 -0.07082897 0.002)
(-0.01598299 0.1511256 0.002)
(0.005359979 0.1510019 0.002)
(0.02602378 0.1509277 0.002)
(0.04725364 0.1500271 0.002)
(0.06414805 -0.06129813 0.002)
(0.06485125 -0.05162316 0.002)
(0.06538987 -0.04191404 0.002)
(0.06580001 -0.03217618 0.002)
(0.06596469 -0.02222691 0.002)
(0.06558612 -0.01182488 0.002)
(0.06462655 -0.001056039 0.002)
(0.064236 0.009007016 0.002)
(0.06405453 0.01916865 0.002)
(0.06410411 0.0288367 0.002)
(0.06445192 0.03827397 0.002)
(0.06471497 0.04779741 0.002)
(0.06416122 0.05770591 0.002)
(0.06410555 0.0676767 0.002)
(0.06405204 0.07759073 0.002)
(0.06403035 0.08749236 0.002)
(0.06408688 0.09737301 0.002)
(0.06429993 0.1071146 0.002)
(0.06480227 0.1165576 0.002)
(0.06452782 0.126317 0.002)
(0.06277645 0.1361689 0.002)
(0.0599076 0.1480524 0.002)
(0.0005415284 -0.002254996 0.002)
(0.004822019 -0.001842089 0.002)
(0.008826696 -0.001988152 0.002)
(0.01297645 -0.001880649 0.002)
(0.01693851 -0.001877924 0.002)
(0.02092694 -0.001859882 0.002)
(0.0249418 -0.002019808 0.002)
(0.02899196 -0.00192103 0.002)
(0.03294151 -0.001894616 0.002)
(0.0372205 -0.001969047 0.002)
(0.04176995 -0.002196446 0.002)
(0.04434278 0.0007501463 0.002)
(0.04419897 0.004657276 0.002)
(0.04420145 0.009012372 0.002)
(0.04420189 0.01272931 0.002)
(0.04437889 0.01682685 0.002)
(0.04416634 0.02103041 0.002)
(0.04397107 0.02496218 0.002)
(0.04419921 0.02913681 0.002)
(0.04431293 0.03340504 0.002)
(0.0441415 0.03719563 0.002)
(0.0002893522 0.04234911 0.002)
(0.002522527 0.04219192 0.002)
(0.004688903 0.04204416 0.002)
(0.006707756 0.04186536 0.002)
(0.008796646 0.04186209 0.002)
(0.01078193 0.0420226 0.002)
(0.01297398 0.04206492 0.002)
(0.01495226 0.04201255 0.002)
(0.01693954 0.04189436 0.002)
(0.01894752 0.04188141 0.002)
(0.02095987 0.04197914 0.002)
(0.02301579 0.04204795 0.002)
(0.02507267 0.04198729 0.002)
(0.02707565 0.04190365 0.002)
(0.02906134 0.04187524 0.002)
(0.03095857 0.04187058 0.002)
(0.03303443 0.04190886 0.002)
(0.03521337 0.04209968 0.002)
(0.03729753 0.04211239 0.002)
(0.03947797 0.04213999 0.002)
(0.04178579 0.04224304 0.002)
(-0.002100479 0.0002322077 0.002)
(-0.002225494 0.002511869 0.002)
(-0.002523245 0.004629434 0.002)
(-0.00270976 0.006893488 0.002)
(-0.002493099 0.009098382 0.002)
(-0.0022316 0.01118123 0.002)
(-0.002101912 0.01326081 0.002)
(-0.001795516 0.01505808 0.002)
(-0.002215473 0.01693415 0.002)
(-0.002197225 0.01917441 0.002)
(-0.002139649 0.02121079 0.002)
(-0.002077627 0.0232641 0.002)
(-0.001750185 0.02508396 0.002)
(-0.002071755 0.02691317 0.002)
(-0.002119051 0.02896667 0.002)
(-0.00207148 0.03114484 0.002)
(-0.002051502 0.03320311 0.002)
(-0.002125597 0.03523793 0.002)
(-0.002228779 0.03738914 0.002)
(-0.002501418 0.0396074 0.002)
(-0.0208911 -0.05571387 0.002)
(-0.02167602 -0.03530709 0.002)
(-0.02187948 -0.01516164 0.002)
(-0.01927212 0.005666779 0.002)
(-0.01918896 0.0255343 0.002)
(-0.02191176 0.04485608 0.002)
(-0.02175038 0.06514338 0.002)
(-0.02143583 0.08509642 0.002)
(-0.02151902 0.1049814 0.002)
(-0.02167801 0.1248423 0.002)
(-0.02155849 0.143503 0.002)
(-0.005227438 0.1506954 0.002)
(0.01571265 0.1510908 0.002)
(0.03640637 0.1506214 0.002)
(0.002743368 -0.002043573 0.002)
(0.006871655 -0.001816948 0.002)
(-0.001989679 -0.002216537 0.002)
(0.01083406 -0.002012362 0.002)
(0.01496796 -0.0017988 0.002)
(0.01884984 -0.001801617 0.002)
(0.02292132 -0.002010282 0.002)
(0.02698085 -0.001917024 0.002)
(0.03093716 -0.002025619 0.002)
(0.03519147 -0.001899497 0.002)
(0.03941035 -0.002080401 0.002)
(0.04470386 -0.001703821 0.002)
(0.04375739 0.002769409 0.002)
(0.04442306 0.006882393 0.002)
(0.04374312 0.01091056 0.002)
(0.0443192 0.0147623 0.002)
(0.04427163 0.0189753 0.002)
(0.04419742 0.02294872 0.002)
(0.04399392 0.02712693 0.002)
(0.0444653 0.03132012 0.002)
(0.0438054 0.03525574 0.002)
(0.04460599 0.04205521 0.002)
(0.04443774 0.03946196 0.002)
(-0.002451462 0.04223199 0.002)
(-0.001786556 0.04507576 0.002)
(0.03088375 0.1416286 0.002)
(-0.01388146 -0.02096266 0.002)
(-0.01302835 0.0001726542 0.002)
(-0.01251026 0.02055398 0.002)
(-0.01396979 0.03974945 0.002)
(-0.01375531 0.0602673 0.002)
(-0.012904 0.08021816 0.002)
(-0.01285114 0.1001312 0.002)
(-0.01371154 0.1196859 0.002)
(-0.01141174 0.1406209 0.002)
(-0.01250922 -0.05041448 0.002)
(-0.01071721 -0.06167969 0.002)
(0.0006195075 -0.06294029 0.002)
(0.01063794 -0.06339139 0.002)
(0.02011433 -0.06338986 0.002)
(0.02948592 -0.06328257 0.002)
(0.03865598 -0.06307025 0.002)
(0.0475367 -0.0627046 0.002)
(0.0559795 -0.06215083 0.002)
(0.02386566 -0.004519735 0.002)
(0.01046977 0.1422956 0.002)
(9.088478e-05 0.141855 0.002)
(0.05206569 0.1398863 0.002)
(0.02793215 -0.004029956 0.002)
(0.001512864 -0.004868031 0.002)
(-0.004914617 -0.001737929 0.002)
(0.00582708 -0.003748126 0.002)
(0.05741034 -0.0528234 0.002)
(0.05850071 -0.04344445 0.002)
(0.0593776 -0.03412511 0.002)
(0.06001985 -0.02472608 0.002)
(0.05981838 -0.01464544 0.002)
(0.05791277 -0.002651673 0.002)
(0.05657688 0.007982885 0.002)
(0.05638016 0.01821718 0.002)
(0.05615697 0.02833668 0.002)
(0.0568991 0.03715107 0.002)
(0.05811205 0.0448486 0.002)
(0.0562759 0.05507161 0.002)
(0.05623941 0.06533364 0.002)
(0.05608286 0.07511213 0.002)
(0.05600415 0.08494066 0.002)
(0.05604256 0.09482583 0.002)
(0.05624742 0.1046543 0.002)
(0.05686078 0.1140237 0.002)
(0.05828242 0.1221439 0.002)
(-0.001206132 -0.005023994 0.002)
(0.003916399 -0.004361801 0.002)
(0.01792372 -0.004309062 0.002)
(0.01208708 -0.004386531 0.002)
(0.02172925 -0.004388691 0.002)
(0.0158846 -0.004319777 0.002)
(0.02600778 -0.004438615 0.002)
(0.01986239 -0.003843925 0.002)
(0.0320844 -0.004537762 0.002)
(0.03604998 -0.004224021 0.002)
(0.04098129 -0.004841134 0.002)
(0.0464769 0.002648059 0.002)
(0.04742501 0.00793092 0.002)
(0.0469539 0.01546806 0.002)
(0.04740463 0.01768619 0.002)
(0.04737226 0.02192349 0.002)
(0.04582307 0.02600612 0.002)
(0.04728036 0.03021537 0.002)
(0.04678185 0.03823242 0.002)
(0.02068297 0.1421678 0.002)
(-0.01402665 -0.01012238 0.002)
(0.009865065 -0.004628114 0.002)
(0.00344509 0.04460059 0.002)
(0.005735958 0.04426311 0.002)
(0.007721385 0.04384776 0.002)
(0.009608565 0.04440027 0.002)
(0.01174835 0.04438617 0.002)
(0.01398361 0.04438878 0.002)
(0.01607237 0.04446133 0.002)
(0.01797033 0.04387909 0.002)
(0.01988195 0.04438915 0.002)
(0.021974 0.04425595 0.002)
(0.0241951 0.04423874 0.002)
(0.02633413 0.04444274 0.002)
(0.02820646 0.04392596 0.002)
(0.03015478 0.04427463 0.002)
(0.03197005 0.04383494 0.002)
(0.03399598 0.04442331 0.002)
(0.03625899 0.04462575 0.002)
(0.03861809 0.0445297 0.002)
(0.04115097 0.04468576 0.002)
(-0.005545701 0.04156461 0.002)
(-0.01349274 -0.03070008 0.002)
(-0.005141181 0.003019271 0.002)
(-0.005634894 0.005452249 0.002)
(-0.005607861 0.00794226 0.002)
(-0.005163532 0.01042983 0.002)
(-0.004467746 0.0126586 0.002)
(-0.004973559 0.01527671 0.002)
(-0.004440152 0.01790346 0.002)
(-0.004885346 0.02025099 0.002)
(-0.004426933 0.02255555 0.002)
(-0.005030743 0.02517471 0.002)
(-0.004394086 0.02774724 0.002)
(-0.004728534 0.03001738 0.002)
(-0.004143902 0.03215083 0.002)
(-0.004850454 0.03422082 0.002)
(-0.004523432 0.03638327 0.002)
(-0.005284293 0.03865181 0.002)
(0.01395861 -0.003791212 0.002)
(0.001053094 0.04486714 0.002)
(-0.004387278 0.0008376338 0.002)
(0.007795514 -0.004312064 0.002)
(0.04785719 -0.0002478589 0.002)
(0.04415851 0.04513109 0.002)
(-0.01273452 0.01105658 0.002)
(-0.0125789 0.03164591 0.002)
(-0.01444091 0.04975687 0.002)
(-0.01321599 0.0703027 0.002)
(-0.01277467 0.09015719 0.002)
(-0.01315708 0.110005 0.002)
(-0.01316519 0.1296737 0.002)
(-0.004682572 -0.004979906 0.002)
(0.04129039 0.1409881 0.002)
(0.04813762 -0.004232421 0.002)
(-0.01316703 -0.04029361 0.002)
(0.02988843 -0.004572612 0.002)
(0.05538769 0.1303501 0.002)
(-0.005229202 0.04504853 0.002)
(0.04418912 -0.004952231 0.002)
(0.0383779 -0.004488192 0.002)
(0.03408069 -0.003927699 0.002)
(0.04799592 0.04500702 0.002)
(0.04683661 0.005275051 0.002)
(0.0463483 0.0106708 0.002)
(0.0474003 0.01304768 0.002)
(0.04670189 0.01987095 0.002)
(0.04670478 0.02405942 0.002)
(0.04666201 0.02795314 0.002)
(0.04749446 0.03283086 0.002)
(0.04689296 0.03551829 0.002)
(0.04780361 0.04098286 0.002)
(-0.004336763 0.1054172 0.002)
(0.02224151 -0.007608145 0.002)
(0.0504366 0.03827701 0.002)
(-0.004473049 0.07546651 0.002)
(-0.004842961 -0.04458679 0.002)
(-0.003591186 0.04935045 0.002)
(0.0519453 -0.002210185 0.002)
(-0.003406779 -0.05411678 0.002)
(-0.006422322 0.124027 0.002)
(0.01529592 -0.05503173 0.002)
(0.02418122 -0.0549553 0.002)
(0.03306351 -0.0547642 0.002)
(0.04163503 -0.05432909 0.002)
(0.04967702 -0.05370391 0.002)
(0.04707662 -0.008759839 0.002)
(0.04268317 -0.008361961 0.002)
(0.05132311 -0.04465836 0.002)
(0.05263336 -0.03573839 0.002)
(0.05383165 -0.02710489 0.002)
(0.05452303 -0.01837049 0.002)
(0.05091745 0.004050443 0.002)
(0.04820607 0.05534456 0.002)
(0.04834355 0.06339767 0.002)
(0.04801264 0.07248472 0.002)
(0.04786845 0.08206864 0.002)
(0.04787487 0.09195784 0.002)
(0.04805771 0.1020086 0.002)
(0.04847053 0.1122371 0.002)
(0.05017658 0.1220952 0.002)
(0.0002133767 -0.008219241 0.002)
(-0.008626778 0.03991854 0.002)
(0.04648746 0.04950363 0.002)
(-0.008925448 -0.00411515 0.002)
(-0.004086725 0.09533141 0.002)
(0.05100896 0.01503062 0.002)
(0.05030397 0.02786359 0.002)
(0.0455193 0.1313304 0.002)
(-0.009685264 0.04391517 0.002)
(0.01151734 -0.00769989 0.002)
(0.03539821 0.1318867 0.002)
(0.007580389 0.04704802 0.002)
(0.01035317 0.04744369 0.002)
(0.01281915 0.04685513 0.002)
(0.01525893 0.04757978 0.002)
(0.01801474 0.04724157 0.002)
(0.02081353 0.04728947 0.002)
(0.02317413 0.04660638 0.002)
(0.02557991 0.04715412 0.002)
(0.02880122 0.04759128 0.002)
(0.03182328 0.0466483 0.002)
(0.03457469 0.04744004 0.002)
(0.03751244 0.04738465 0.002)
(0.04001405 0.04709685 0.002)
(-0.01047814 0.006292982 0.002)
(-0.008526684 0.009656897 0.002)
(-0.007850823 0.01278013 0.002)
(-0.01061801 0.01567623 0.002)
(-0.007782042 0.0184445 0.002)
(-0.007825197 0.02230184 0.002)
(-0.01076021 0.02563096 0.002)
(-0.007793837 0.02840947 0.002)
(-0.007386991 0.0321181 0.002)
(-0.008298655 0.03598059 0.002)
(-0.003657899 0.1324532 0.002)
(-0.005042396 0.06560611 0.002)
(-0.005408815 -0.02669124 0.002)
(0.02531001 0.1328393 0.002)
(-0.002923061 -0.008152774 0.002)
(0.01686988 -0.007322584 0.002)
(0.01558057 0.1337312 0.002)
(0.04269067 0.04840987 0.002)
(0.005769503 0.1334015 0.002)
(0.006288056 -0.05528348 0.002)
(-0.006192593 0.05576238 0.002)
(0.03091719 -0.007874302 0.002)
(0.05028113 0.01001655 0.002)
(-0.004975185 0.1152926 0.002)
(0.05318623 -0.008722768 0.002)
(0.05178238 0.03452356 0.002)
(-0.004153834 0.08532786 0.002)
(0.005909105 -0.006324361 0.002)
(0.05118885 0.02363817 0.002)
(0.0525106 0.04270475 0.002)
(0.003349323 -0.007571163 0.002)
(0.01967066 -0.006554799 0.002)
(-0.008267604 0.04896116 0.002)
(0.02782857 -0.007285958 0.002)
(0.03404476 -0.006875354 0.002)
(0.03936095 -0.007614327 0.002)
(0.04836463 0.02589216 0.002)
(0.03679407 -0.006679509 0.002)
(0.05017846 0.0195767 0.002)
(0.05058242 0.03109259 0.002)
(-0.00765736 8.173244e-05 0.002)
(0.004960178 0.04693027 0.002)
(0.05175786 0.04894449 0.002)
(0.008532722 -0.007487244 0.002)
(-0.004826769 -0.03557374 0.002)
(-0.008548948 0.003185159 0.002)
(-0.0003680146 0.04801471 0.002)
(-0.006152216 -0.01758463 0.002)
(0.002431994 0.04797115 0.002)
(0.01409484 -0.006448048 0.002)
(0.04056814 0.0606159 0.002)
(0.01913401 -0.04650727 0.002)
(0.04923341 -0.01413853 0.002)
(0.002388066 -0.02335606 0.002)
(0.0277796 -0.04658922 0.002)
(0.0359525 -0.04618997 0.002)
(0.04382498 -0.04557317 0.002)
(0.04427406 -0.01231472 0.002)
(0.004407499 0.08055511 0.002)
(0.02501395 -0.007114157 0.002)
(0.04559853 -0.03698457 0.002)
(0.04706478 -0.02871487 0.002)
(0.04878182 -0.02152062 0.002)
(0.03965148 0.06941428 0.002)
(0.03953285 0.07872155 0.002)
(0.03952436 0.08852715 0.002)
(0.03966154 0.09862821 0.002)
(0.04017925 0.1089449 0.002)
(0.04021528 0.1208833 0.002)
(-0.007242277 -0.009789955 0.002)
(0.003822115 -0.04002558 0.002)
(0.02433644 -0.0114877 0.002)
(0.004017957 0.1112579 0.002)
(0.003872146 0.07084256 0.002)
(0.002576584 0.122684 0.002)
(0.01996641 0.05122455 0.002)
(0.003086463 0.06124297 0.002)
(0.02928894 0.1231577 0.002)
(0.004028406 -0.03133166 0.002)
(0.01961491 0.1241746 0.002)
(0.006019628 0.05498937 0.002)
(0.004599449 0.1007359 0.002)
(0.02868211 -0.0120468 0.002)
(0.01065476 -0.04663673 0.002)
(0.0006013025 0.05252481 0.002)
(0.004657949 0.09047786 0.002)
(0.002424769 -0.01138062 0.002)
(0.002564787 -0.04808386 0.002)
(-0.00215777 -0.0121551 0.002)
(0.006070896 -0.009851191 0.002)
(0.005168019 0.05029008 0.002)
(0.009019976 0.05115029 0.002)
(0.01273733 0.05019686 0.002)
(0.01628897 0.05173831 0.002)
(0.02332274 0.04950577 0.002)
(0.02637648 0.05035809 0.002)
(0.02902071 0.05335945 0.002)
(0.03244612 0.05128959 0.002)
(0.03626813 0.05049131 0.002)
(0.03972812 0.05046023 0.002)
(0.0400546 -0.01141428 0.002)
(0.01098919 0.1261152 0.002)
(0.01913826 -0.01097533 0.002)
(0.01336263 0.08546315 0.002)
(0.001500327 -0.01673722 0.002)
(0.03649111 -0.009922005 0.002)
(0.03048731 -0.03806384 0.002)
(0.0382365 -0.03781273 0.002)
(0.03284904 -0.01150727 0.002)
(0.04017647 -0.02985349 0.002)
(0.03053592 0.06586356 0.002)
(0.03262254 0.114377 0.002)
(0.03090391 0.07490137 0.002)
(0.0309349 0.0846099 0.002)
(0.03102617 0.09466309 0.002)
(0.03129316 0.104971 0.002)
(0.04097134 -0.0155693 0.002)
(0.01000381 -0.01190043 0.002)
(0.01984529 -0.01854925 0.002)
(0.01439608 -0.01021441 0.002)
(0.03145983 -0.01730208 0.002)
(0.008292527 -0.0185293 0.002)
(0.01436868 -0.01605167 0.002)
(0.01295961 0.07577473 0.002)
(0.03635052 -0.01573826 0.002)
(0.01215934 0.06667162 0.002)
(0.02270029 0.1129501 0.002)
(0.0429591 0.05319707 0.002)
(0.01336122 0.1064073 0.002)
(0.01370232 -0.03649874 0.002)
(0.02573957 -0.01833922 0.002)
(0.04509399 -0.01708433 0.002)
(0.04163822 -0.02204491 0.002)
(0.005855398 -0.01373264 0.002)
(0.01225187 0.1169127 0.002)
(0.0260804 0.05927308 0.002)
(0.02274518 -0.03889891 0.002)
(0.01939745 0.0566543 0.002)
(0.01347525 0.09567426 0.002)
(0.02294502 -0.02858662 0.002)
(0.02208373 0.0803592 0.002)
(0.02226617 0.09024771 0.002)
(0.02233243 0.1008496 0.002)
(0.01275936 -0.02517659 0.002)
(0.02393873 0.05375458 0.002)
(0.03281476 0.05809266 0.002)
(0.03745965 0.05475153 0.002)
(0.0200757 0.06342865 0.002)
(0.03280901 -0.03046073 0.002)
(0.03557275 -0.02318227 0.002)
(0.02156589 0.07125711 0.002)
(0.02945513 -0.02379488 0.002)
(0.01227201 0.05726433 0.002)
(0.002541782 0.03852283 0.002)
(0.006747321 0.03833827 0.002)
(0.0109062 0.03817033 0.002)
(0.01497194 0.03851189 0.002)
(0.01882409 0.03816552 0.002)
(0.02286609 0.03807937 0.002)
(0.02702052 0.03835067 0.002)
(0.03097265 0.03823153 0.002)
(0.03519631 0.03827512 0.002)
(0.03899758 0.0385588 0.002)
(0.04076222 0.03880434 0.002)
(0.04039979 0.03517302 0.002)
(0.04022901 0.03125073 0.002)
(0.04021261 0.02702483 0.002)
(0.0401468 0.02313434 0.002)
(0.04008552 0.01910328 0.002)
(0.04018167 0.01487167 0.002)
(0.04038336 0.01102289 0.002)
(0.0402616 0.006981652 0.002)
(0.0404684 0.003181589 0.002)
(0.04019853 0.001328132 0.002)
(0.03696795 0.001440152 0.002)
(0.0331589 0.001773313 0.002)
(0.02896489 0.001793955 0.002)
(0.02489082 0.001727392 0.002)
(0.020849 0.001674503 0.002)
(0.01684412 0.001896969 0.002)
(0.01288703 0.001813294 0.002)
(0.008832601 0.001608564 0.002)
(0.005002277 0.001619443 0.002)
(0.00171909 0.002571403 0.002)
(0.001878493 0.006859975 0.002)
(0.001844619 0.01104105 0.002)
(0.001943791 0.01492191 0.002)
(0.002115591 0.0190747 0.002)
(0.002156838 0.02310507 0.002)
(0.001805645 0.02704639 0.002)
(0.001912349 0.0312252 0.002)
(0.001635368 0.03517143 0.002)
(0.004773639 0.03839406 0.002)
(0.008756641 0.0382538 0.002)
(0.01317806 0.03818711 0.002)
(0.01671289 0.03817021 0.002)
(0.02085811 0.03818726 0.002)
(0.02490862 0.03814598 0.002)
(0.02900994 0.0383812 0.002)
(0.03313578 0.03819024 0.002)
(0.03714842 0.03840798 0.002)
(0.04052261 0.03696066 0.002)
(0.04029148 0.03321138 0.002)
(0.04020032 0.02904225 0.002)
(0.04018876 0.02506528 0.002)
(0.04011845 0.02102637 0.002)
(0.04009856 0.01705435 0.002)
(0.04033668 0.01300159 0.002)
(0.04025256 0.009072911 0.002)
(0.04043638 0.00501909 0.002)
(0.02700773 0.00179333 0.002)
(0.03853198 0.002092879 0.002)
(0.03523074 0.001681696 0.002)
(0.03095059 0.001802223 0.002)
(0.02287586 0.001632237 0.002)
(0.01891537 0.001850752 0.002)
(0.01497388 0.001755712 0.002)
(0.01079764 0.001862048 0.002)
(0.006838826 0.00155512 0.002)
(0.003144483 0.001466979 0.002)
(0.001804058 0.004812514 0.002)
(0.00182544 0.009032772 0.002)
(0.001845298 0.01290989 0.002)
(0.002115599 0.0170236 0.002)
(0.002151762 0.02106096 0.002)
(0.001855675 0.02505372 0.002)
(0.00191452 0.02906482 0.002)
(0.00180293 0.03324066 0.002)
(0.001442322 0.03698059 0.002)
(0.00544597 0.03643124 0.002)
(0.03778954 0.02002798 0.002)
(0.009911517 0.03593639 0.002)
(0.01969162 0.03625488 0.002)
(0.02392335 0.03552479 0.002)
(0.02800962 0.03662619 0.002)
(0.03207902 0.03581669 0.002)
(0.03653784 0.03631514 0.002)
(0.03860181 0.03656977 0.002)
(0.0379894 0.03024869 0.002)
(0.03775632 0.01583071 0.002)
(0.03765739 0.02205921 0.002)
(0.03448579 0.003938098 0.002)
(0.03804159 0.03236745 0.002)
(0.03798771 0.02613612 0.002)
(0.03799112 0.02812683 0.002)
(0.03779654 0.01794558 0.002)
(0.03787014 0.02406684 0.002)
(0.03861516 0.01200561 0.002)
(0.03801712 0.007979515 0.002)
(0.03895894 0.003975058 0.002)
(0.01783238 0.004419259 0.002)
(0.02790034 0.004201989 0.002)
(0.02371765 0.003829451 0.002)
(0.02998617 0.00408408 0.002)
(0.03688782 0.003571695 0.002)
(0.02582522 0.004048843 0.002)
(0.01176636 0.004740555 0.002)
(0.00775883 0.003227295 0.002)
(0.004042986 0.008018382 0.002)
(0.003882728 0.005664225 0.002)
(0.007559138 0.03621016 0.002)
(0.003342348 0.03664817 0.002)
(0.004226201 0.01181787 0.002)
(0.004480979 0.01573528 0.002)
(0.004558471 0.02008966 0.002)
(0.004388795 0.02427569 0.002)
(0.00415136 0.03019849 0.002)
(0.003711813 0.03455633 0.002)
(0.01502399 0.03616449 0.002)
(0.021725 0.035656 0.002)
(0.01751075 0.03561413 0.002)
(0.03824928 0.03448933 0.002)
(0.01236499 0.03586313 0.002)
(0.01995067 0.004208011 0.002)
(0.003575291 0.003438404 0.002)
(0.02606456 0.0358839 0.002)
(0.02995479 0.03602695 0.002)
(0.03430963 0.0360431 0.002)
(0.03804245 0.0137591 0.002)
(0.03220954 0.004027769 0.002)
(0.0384151 0.005749741 0.002)
(0.03803264 0.01010336 0.002)
(0.01584115 0.004207226 0.002)
(0.02183504 0.003485618 0.002)
(0.005738968 0.003924645 0.002)
(0.01389556 0.003768145 0.002)
(0.009666931 0.003950566 0.002)
(0.004466506 0.01788769 0.002)
(0.003780454 0.009987116 0.002)
(0.003888901 0.01379824 0.002)
(0.004709122 0.02221894 0.002)
(0.003748852 0.02607011 0.002)
(0.004074247 0.02795436 0.002)
(0.00400327 0.03248 0.002)
(0.03072672 0.03301181 0.002)
(0.02806573 0.0339606 0.002)
(0.03522929 0.009384707 0.002)
(0.03529567 0.01432237 0.002)
(0.009286211 0.007465125 0.002)
(0.03629157 0.01193796 0.002)
(0.01653311 0.007189335 0.002)
(0.03579335 0.02521774 0.002)
(0.006987078 0.01340461 0.002)
(0.006010916 0.03405233 0.002)
(0.01112049 0.03313965 0.002)
(0.03121748 0.006450827 0.002)
(0.0334461 0.03315881 0.002)
(0.006543079 0.03140174 0.002)
(0.01420027 0.006333972 0.002)
(0.03601544 0.03385428 0.002)
(0.00653445 0.009934801 0.002)
(0.03614583 0.006484529 0.002)
(0.007770629 0.005256924 0.002)
(0.006916464 0.01887433 0.002)
(0.02190821 0.006617158 0.002)
(0.006259904 0.02613314 0.002)
(0.01923714 0.007434154 0.002)
(0.007426682 0.01640777 0.002)
(0.01659965 0.031829 0.002)
(0.00619964 0.006977671 0.002)
(0.03504241 0.01683132 0.002)
(0.03355097 0.007018236 0.002)
(0.007797288 0.02123261 0.002)
(0.03557616 0.01893415 0.002)
(0.03488238 0.02326926 0.002)
(0.01384633 0.03336982 0.002)
(0.01199123 0.007987716 0.002)
(0.02432829 0.006292758 0.002)
(0.02897336 0.007170418 0.002)
(0.0355528 0.03144725 0.002)
(0.008435082 0.03354077 0.002)
(0.007705268 0.02381724 0.002)
(0.00696351 0.02874453 0.002)
(0.01959629 0.03318686 0.002)
(0.02548419 0.0326819 0.002)
(0.03535019 0.02724973 0.002)
(0.03481459 0.02097371 0.002)
(0.02656653 0.007028789 0.002)
(0.02252043 0.03225164 0.002)
(0.03251687 0.02933455 0.002)
(0.03586887 0.02927212 0.002)
(0.01452264 0.00982007 0.002)
(0.01559333 0.0263293 0.002)
(0.02016253 0.02802156 0.002)
(0.03311577 0.01233469 0.002)
(0.02113962 0.0108165 0.002)
(0.03227362 0.01889266 0.002)
(0.0247326 0.02856703 0.002)
(0.00953642 0.03024257 0.002)
(0.02846073 0.03020985 0.002)
(0.03138353 0.009748496 0.002)
(0.02419657 0.009336146 0.002)
(0.01083684 0.01522586 0.002)
(0.01306367 0.02972462 0.002)
(0.0105851 0.01121457 0.002)
(0.01762029 0.01092968 0.002)
(0.03202063 0.01571414 0.002)
(0.03071868 0.02231898 0.002)
(0.03271577 0.02565005 0.002)
(0.0103111 0.02632769 0.002)
(0.01213239 0.02253285 0.002)
(0.02750624 0.01029629 0.002)
(0.02899993 0.02640953 0.002)
(0.01021149 0.01883351 0.002)
(0.02919809 0.01359335 0.002)
(0.02682224 0.01847468 0.002)
(0.01489616 0.01383386 0.002)
(0.01481168 0.01835147 0.002)
(0.01907315 0.02201545 0.002)
(0.02477028 0.02383468 0.002)
(0.0246221 0.01376685 0.002)
(0.01993381 0.01594612 0.002)
)


// ************************************************************************* //
