/*--------------------------------*- C++ -*----------------------------------*\
| =========                 |                                                 |
| \\      /  F ield         | OpenFOAM: The Open Source CFD Toolbox           |
|  \\    /   O peration     | Version:  2512                                  |
|   \\  /    A nd           | Website:  www.openfoam.com                      |
|    \\/     M anipulation  |                                                 |
\*---------------------------------------------------------------------------*/
FoamFile
{
    version     2.0;
    format      ascii;
    arch        "LSB;label=32;scalar=64";
    class       pointSet;
    location    "constant/polyMesh/sets";
    object      nonManifoldPoints;
}
// * * * * * * * * * * * * * * * * * * * * * * * * * * * * * * * * * * * * * //


2264
(
20
30
56
66
100
101
104
109
110
113
130
131
137
140
20679
20680
20681
20682
20683
20684
20685
20686
20693
20694
20695
20696
20697
20698
20699
20700
20707
20708
20709
20710
20711
20712
20713
20714
20721
20722
20723
20724
20725
20726
20727
20728
254
255
20735
256
20736
257
20737
258
20738
259
20739
260
20740
20741
20742
20749
20750
20751
20752
20753
20754
20755
20756
20763
20764
20765
20766
20767
20768
20769
20770
296
297
20777
298
20778
299
20779
300
20780
301
20781
302
20782
303
20783
20784
20791
20792
20793
20794
20795
20796
20797
20798
20805
20806
20807
20808
20809
20810
20811
20812
20819
20820
20821
20822
20823
20824
20825
20826
590
591
592
593
594
595
596
653
654
655
656
657
658
659
716
717
718
719
720
721
722
723
778
779
780
781
782
783
784
785
4901
4902
4903
4904
4905
4906
4907
4908
4915
4916
4917
4918
4919
4920
4921
4922
4929
4930
4931
4932
4933
4934
4935
4936
4943
4944
4945
4946
4947
4948
4949
4950
4957
4958
4959
4960
4961
4962
4963
4964
4971
4972
4973
4974
4975
4976
4977
4978
4985
4986
4987
4988
4989
4990
4991
4992
4999
5000
5001
5002
5003
5004
5005
5006
5013
5014
918
5015
919
5016
920
5017
921
5018
922
5019
923
5020
924
925
5027
5028
5029
933
5030
934
5031
935
5032
936
5033
937
5034
938
939
5041
5042
5043
5044
5045
5046
5047
9143
5048
9144
9145
9146
9147
9148
9149
9150
5055
5056
5057
5058
5059
5060
5061
9157
5062
9158
9159
9160
9161
9162
9163
9164
5069
5070
5071
5072
5073
5074
5075
9171
5076
9172
9173
9174
9175
9176
9177
9178
5083
5084
5085
5086
5087
5088
5089
9185
5090
9186
9187
9188
9189
9190
9191
9192
5097
5098
5099
5100
5101
5102
5103
9199
5104
9200
9201
9202
9203
9204
9205
9206
5111
5112
5113
5114
5115
5116
5117
9213
5118
9214
9215
21504
9216
21505
9217
21506
9218
21507
9219
21508
9220
21509
5125
21510
5126
21511
5127
21512
5128
21513
5129
21514
5130
5131
9227
5132
9228
9229
9230
9231
9232
9233
9234
21526
21527
21528
21529
9241
21530
9242
21531
9243
21532
9244
21533
9245
21534
9246
21535
9247
21536
9248
9255
9256
9257
9258
9259
9260
9261
9262
9269
9270
9271
9272
9273
9274
9275
9276
9283
9284
9285
9286
9287
9288
9289
9290
9297
9298
9299
9300
9301
9302
9303
9304
9311
9312
9313
9314
9315
9316
9317
9318
9325
9326
9327
9328
9329
9330
9331
9332
9339
9340
9341
9342
9343
9344
9345
9346
9353
9354
9355
9356
9357
9358
9359
9360
9367
9368
9369
9370
9371
9372
9373
9374
1213
1214
1215
1216
1217
1218
1219
21768
21769
21770
21771
21772
21773
21774
21775
21776
21777
21778
21790
21791
21792
21793
21794
21795
21796
21797
21798
21799
21800
38191
38192
38193
38194
38195
38196
38197
38198
38199
38200
38201
38202
38203
38204
38205
38206
38207
38208
38209
38210
38211
38212
38213
38214
38215
38216
38217
38218
38219
38220
38221
38222
38223
38224
38225
38226
38227
38228
38229
38230
38231
38232
17753
38233
17754
38234
17755
38235
17756
38236
17757
38237
17758
38238
17759
38239
17760
38240
38241
38242
38243
38244
38245
38246
17767
38247
17768
38248
17769
38249
17770
38250
17771
38251
17772
38252
17773
38253
17774
38254
38255
38256
38257
38258
38259
38260
17781
38261
17782
38262
17783
38263
17784
38264
17785
38265
17786
38266
17787
38267
17788
38268
38269
38270
38271
38272
38273
38274
17795
38275
17796
38276
17797
38277
17798
38278
17799
38279
17800
38280
17801
38281
17802
38282
38283
38284
38285
38286
38287
38288
17809
38289
17810
38290
17811
38291
17812
38292
17813
38293
17814
38294
17815
38295
17816
38296
38297
38298
38299
38300
38301
38302
17823
38303
17824
38304
17825
38305
17826
38306
17827
38307
17828
38308
17829
38309
17830
38310
38311
17837
17838
17839
17840
17841
17842
1458
17843
1459
17844
1460
1461
1462
1463
1464
17851
17852
17853
17854
17855
17856
17857
17858
17865
17866
17867
17868
17869
17870
17871
17872
17879
17880
17881
17882
17883
17884
17885
17886
17893
17894
17895
17896
17897
17898
17899
17900
22021
22022
22023
22024
22025
22026
22027
22028
22029
22030
22031
22054
22055
22056
1577
22057
1578
22058
1579
22059
1580
22060
1581
22061
1582
22062
1583
22063
22064
22087
22088
22089
22090
22091
22092
22093
22094
22095
22096
22097
22120
22121
22122
22123
22124
22125
22126
22127
22128
22129
22130
1682
1683
1684
1685
1686
1687
1688
22285
22286
22287
22288
22289
22290
22291
22292
22293
22294
22295
22318
22319
22320
22321
22322
22323
22324
22325
22326
22327
22328
22351
22352
22353
22354
22355
22356
22357
22358
22359
22360
22361
22384
22385
22386
22387
22388
22389
10101
22390
10102
22391
10103
22392
10104
22393
10105
22394
10106
10107
10108
10115
10116
10117
10118
10119
10120
10121
10122
10129
10130
10131
10132
10133
10134
10135
10136
10143
10144
10145
10146
10147
10148
10149
10150
10157
10158
10159
10160
10161
10162
10163
10164
10171
10172
10173
10174
10175
10176
10177
10178
10185
10186
10187
10188
10189
10190
38862
10191
38863
10192
38864
38865
38866
38867
38868
38869
38870
10199
38871
10200
38872
10201
38873
10202
38874
10203
38875
10204
38876
10205
38877
10206
38878
38879
38880
38881
38882
38883
38884
10213
38885
10214
38886
10215
38887
10216
38888
10217
38889
10218
38890
10219
38891
10220
38892
38893
38894
38895
38896
38897
38898
10227
38899
10228
38900
10229
38901
10230
38902
10231
38903
10232
38904
10233
38905
10234
38906
38907
38908
38909
38910
38911
38912
10241
38913
10242
38914
10243
38915
10244
38916
10245
38917
10246
38918
10247
38919
10248
38920
38921
38922
38923
38924
38925
38926
10255
38927
10256
38928
10257
38929
10258
38930
10259
38931
10260
38932
10261
38933
10262
38934
38935
38936
38937
38938
38939
38940
10269
38941
10270
38942
10271
38943
10272
38944
10273
38945
43042
10274
38946
43043
10275
2083
38947
43044
2084
10276
38948
43045
2085
38949
43046
2086
38950
43047
2087
38951
43048
2088
38952
43049
2089
38953
43050
2090
38954
43051
10283
2091
38955
43052
10284
2092
38956
43053
10285
2093
38957
43054
10286
2094
38958
43055
10287
2095
38959
43056
10288
2096
38960
43057
10289
2097
38961
43058
2098
10290
38962
43059
2099
38963
43060
38964
43061
38965
43062
38966
43063
38967
43064
38968
43065
10297
38969
43066
10298
38970
43067
10299
38971
43068
10300
38972
43069
10301
38973
43070
10302
38974
43071
10303
38975
43072
10304
38976
43073
38977
43074
38978
43075
38979
43076
38980
43077
38981
43078
38982
43079
10311
43080
10312
43081
10313
43082
10314
43083
10315
43084
10316
43085
10317
43086
10318
43087
43088
43089
43090
43091
43092
43093
10325
43094
10326
43095
10327
43096
10328
43097
10329
43098
10330
43099
10331
43100
10332
43101
43102
43103
43104
43105
43106
43107
43108
43109
43110
43111
43112
43113
43114
43115
43116
43117
43118
43119
43120
43121
43122
43123
43124
43125
43126
43127
43128
43129
43130
43131
43132
43133
43134
43135
43136
43137
43138
43139
43140
43141
43142
43143
43144
43145
43146
43147
43148
43149
43150
43151
43152
43153
43154
43155
43156
43157
43158
43159
43160
43161
43162
2488
2489
2490
2491
2492
2493
2494
2495
2496
2497
2498
2499
2500
2501
2502
2503
2504
43559
43560
43561
43562
43563
43564
43565
43566
43567
43568
43569
43570
43571
43572
43573
43574
43575
43576
43577
43578
43579
43580
43581
43582
43583
43584
43585
43586
43587
43588
43589
43590
43591
43592
43593
43594
43595
43596
43597
43598
43599
43600
43601
43602
43603
43604
43605
43606
43607
43608
43609
43610
43611
43612
43613
43614
43615
43616
43617
43618
43619
43620
43621
43622
43623
43624
43625
43626
43627
43628
43629
43630
43631
43632
43633
43634
43635
43636
43637
43638
43639
43640
43641
43642
43643
43644
43645
43646
43647
43648
43649
43650
43651
43652
43653
43654
43655
43656
43657
43658
43659
43660
43661
43662
43663
43664
43665
43666
43667
43668
43669
43670
43671
43672
43673
43674
43675
43676
43677
43678
43679
39687
39688
39689
39690
39691
39692
39693
39694
39695
39696
39697
39698
39699
39700
39701
39702
39703
39704
39705
39706
39707
39708
39709
39710
39711
39712
39713
39714
39715
39716
39717
39718
39719
39720
39721
39722
39723
39724
39725
39726
39727
39728
39729
39730
39731
39732
39733
39734
39735
39736
39737
39738
39739
39740
39741
39742
39743
39744
39745
39746
39747
39748
39749
39750
39751
39752
39753
39754
39755
39756
39757
39758
39759
39760
39761
39762
39763
39764
39765
39766
39767
2904
39768
2905
39769
2906
39770
2907
39771
2908
39772
2909
39773
2910
39774
2911
39775
2912
39776
2913
39777
2914
39778
2915
39779
2916
39780
2917
39781
2918
39782
2919
39783
2920
39784
2921
39785
2922
39786
2923
39787
2924
39788
2925
39789
39790
39791
39792
39793
39794
39795
39796
39797
39798
39799
39800
39801
39802
39803
39804
39805
39806
39807
2948
2949
2950
2951
2952
2953
2954
2955
2956
2957
2958
3003
3004
3005
3006
15295
3007
15296
3008
15297
3009
15298
3010
15299
3011
15300
3012
15301
3013
15302
3014
3015
3016
3017
3018
3019
3020
15309
3021
15310
3022
15311
3023
15312
3024
15313
15314
15315
15316
15323
15324
15325
15326
15327
15328
15329
15330
3047
3048
3049
15337
3050
15338
3051
15339
3052
15340
3053
15341
3054
15342
3055
15343
3056
15344
3057
15351
15352
15353
15354
15355
15356
15357
15358
15365
15366
15367
15368
15369
15370
15371
15372
15379
15380
15381
15382
15383
15384
15385
15386
15393
15394
15395
15396
15397
15398
15399
15400
44076
44077
44078
44079
15407
44080
15408
44081
15409
44082
15410
44083
15411
44084
15412
44085
15413
44086
15414
44087
44088
44089
44090
44091
44092
44093
15421
44094
15422
44095
15423
44096
15424
44097
15425
44098
15426
44099
15427
44100
15428
44101
44102
44103
44104
44105
44106
44107
15435
44108
15436
44109
15437
44110
15438
44111
15439
44112
15440
44113
15441
44114
15442
44115
44116
44117
44118
44119
44120
44121
44122
44123
44124
44125
44126
44127
44128
44129
44130
44131
44132
44133
44134
44135
44136
44137
44138
44139
44140
44141
44142
44143
44144
44145
44146
44147
44148
44149
44150
44151
44152
44153
44154
44155
44156
44157
44158
44159
44160
44161
3201
44162
3202
44163
3203
44164
3204
44165
3205
44166
3206
44167
3207
44168
3208
44169
3209
44170
3210
44171
3211
44172
3212
44173
3213
44174
3214
44175
3215
44176
3216
44177
3217
44178
3218
44179
3219
44180
3220
44181
3221
44182
3222
44183
44184
44185
44186
44187
44188
44189
44190
44191
44192
44193
44194
44195
44196
3267
3268
3269
3270
3271
3272
3273
3274
3275
3276
3277
3278
3279
3280
3281
3282
3283
3284
3285
3286
3287
3288
3311
3312
3313
3314
3315
3316
3317
3318
3319
3320
3321
3344
3345
3346
3347
3348
3349
3350
3351
3352
3353
3354
40358
40359
40360
40361
40362
40363
40364
40365
40366
40367
40368
40369
40370
40371
40372
40373
40374
40375
40376
40377
40378
40379
40380
40381
40382
40383
40384
40385
40386
40387
40388
40389
40390
40391
40392
40393
40394
40395
40396
40397
40398
40399
40400
40401
40402
40403
40404
40405
40406
40407
40408
40409
40410
40411
40412
40413
40414
40415
40416
40417
40418
40419
40420
40421
40422
40423
40424
40425
40426
40427
40428
40429
40430
40431
40432
40433
40434
40435
40436
40437
40438
11767
40439
11768
40440
11769
40441
11770
40442
11771
40443
11772
40444
40445
11773
11774
40446
40447
40448
40449
40450
40451
40452
11781
40453
11782
40454
11783
40455
40456
11784
11785
40457
11786
40458
11787
40459
11788
40460
40461
40462
40463
40464
40465
40466
40467
11795
11796
40468
11797
40469
11798
40470
11799
40471
11800
40472
11801
40473
11802
40474
40475
40476
40477
40478
11809
11810
11811
11812
11813
11814
11815
11816
11823
11824
44593
11825
44594
11826
44595
11827
44596
11828
44597
11829
44598
11830
44599
44600
44601
44602
44603
44604
44605
11837
44606
11838
44607
11839
44608
11840
44609
11841
44610
11842
44611
11843
44612
11844
44613
44614
44615
44616
44617
44618
44619
11851
44620
11852
44621
11853
44622
11854
44623
11855
44624
11856
44625
11857
44626
11858
44627
44628
44629
44630
44631
44632
44633
11865
44634
11866
44635
11867
44636
11868
44637
11869
44638
11870
44639
11871
44640
11872
44641
44642
44643
44644
44645
20069
44646
20070
44647
11879
20071
44648
11880
20072
44649
11881
20073
44650
11882
20074
44651
11883
20075
44652
11884
20076
44653
11885
44654
11886
44655
44656
44657
44658
44659
20083
44660
20084
44661
11893
20085
44662
11894
20086
44663
11895
20087
44664
11896
20088
44665
11897
20089
44666
11898
20090
44667
11899
44668
11900
44669
44670
44671
44672
44673
20097
44674
20098
44675
11907
20099
44676
11908
20100
44677
11909
20101
44678
11910
20102
44679
11911
20103
44680
11912
20104
44681
11913
44682
11914
44683
44684
44685
44686
44687
20111
44688
20112
44689
11921
20113
44690
11922
20114
44691
11923
20115
44692
11924
20116
44693
11925
20117
44694
11926
20118
44695
11927
44696
11928
44697
44698
44699
44700
44701
20125
44702
20126
44703
11935
20127
44704
11936
20128
44705
11937
20129
44706
11938
20130
44707
11939
20131
44708
11940
20132
44709
11941
44710
11942
44711
44712
44713
20139
20140
11949
20141
11950
20142
11951
20143
11952
20144
11953
20145
11954
20146
11955
11956
20153
20154
11963
20155
11964
20156
11965
20157
11966
20158
11967
20159
11968
20160
11969
11970
20167
20168
11977
20169
11978
20170
11979
20171
11980
20172
11981
20173
11982
20174
11983
11984
20181
20182
11991
20183
11992
20184
11993
20185
11994
20186
11995
20187
11996
20188
11997
11998
20195
20196
20197
20198
20199
20200
20201
20202
20209
20210
20211
20212
20213
20214
20215
20216
)


// ************************************************************************* //
