/*--------------------------------*- C++ -*----------------------------------*\
| =========                 |                                                 |
| \\      /  F ield         | OpenFOAM: The Open Source CFD Toolbox           |
|  \\    /   O peration     | Version:  2512                                  |
|   \\  /    A nd           | Website:  www.openfoam.com                      |
|    \\/     M anipulation  |                                                 |
\*---------------------------------------------------------------------------*/
FoamFile
{
    version     2.0;
    format      ascii;
    arch        "LSB;label=32;scalar=64";
    note        "nPoints:3438  nCells:10318  nFaces:23800  nInternalFaces:17472";
    class       labelList;
    location    "constant/heatSink/polyMesh";
    object      neighbour;
}
// * * * * * * * * * * * * * * * * * * * * * * * * * * * * * * * * * * * * * //


17472
(
6015
6425
8377
8523
2
6015
6065
464
2109
4
7
8263
8
6657
8430
7
8
3865
3913
10
12
5783
7625
3665
6701
1879
1962
19
8111
8126
11
9695
65
2496
6450
4493
6450
8282
15
16
125
1503
6116
6357
7708
8541
948
6116
8541
7707
10067
20
7087
8683
22
394
8120
8126
20
2115
2115
138
2121
7421
7638
4976
7753
8683
25
26
593
3383
32
7841
9374
27
3989
5322
693
9881
693
893
5293
30
32
7660
6780
8182
9374
9495
3819
8182
4332
5966
9915
3446
34
39
2154
7557
7642
4369
4457
7570
3895
4365
7570
39
4433
7680
7544
7557
7805
7807
4430
41
2154
7634
42
3813
44
3813
44
46
592
5480
4430
1543
2154
7642
7643
1543
1858
7643
48
52
8624
50
7389
7829
50
51
7588
6618
7784
52
3112
2628
1741
2050
2841
10073
55
57
4693
8625
56
7412
57
2376
7584
2264
6257
59
60
7401
3860
7353
1681
1700
5261
62
64
6487
6486
8858
64
642
3194
8858
3190
5069
67
70
70
6437
7626
68
6351
69
7626
10007
3868
5692
7627
2496
75
80
6427
80
179
5855
3432
6403
9248
9335
75
179
4781
6062
4518
4794
94
1681
5591
5605
81
3491
8652
9279
79
9024
10077
10081
8652
10079
4410
189
1981
10079
85
854
3237
9521
84
5957
9521
85
5952
5951
87
88
9147
9489
89
5642
9488
89
9479
9478
1645
9205
9208
9289
92
95
8852
93
8847
96
3862
2268
4743
5559
97
8846
9403
97
1914
1186
9418
99
2108
5169
7113
1409
7112
547
675
8837
2137
2394
5274
9012
1604
5343
7185
7623
409
1948
5910
7879
2729
5335
7644
616
7576
4047
4602
6218
7894
448
1165
1171
4815
875
5407
9806
9808
1303
6935
9751
111
4987
4992
6961
2768
7639
715
2542
6031
448
5545
820
1168
9662
1720
7768
10221
363
767
1690
7909
6669
7077
7286
1330
4078
4080
5522
751
957
7276
4047
4600
4902
6323
1259
1825
3032
588
3697
4076
8872
331
6686
7712
159
3314
3361
9804
1963
2314
10067
528
1849
3565
7395
7981
8633
4253
9543
9742
1087
2543
6077
7122
885
3386
4730
8318
1930
4568
5649
6316
5494
5867
9907
478
3528
5376
6325
6562
8560
8562
1244
3285
5474
1973
9901
9905
2599
4361
6293
9000
4909
5611
653
4568
5627
2649
4304
5743
8201
2116
8376
9897
4938
4941
5342
1254
1369
8989
148
675
8837
4806
5507
6490
3290
3883
7524
2427
3706
4350
552
4097
5856
3544
6959
8098
4451
7027
7769
8904
156
3376
5901
2118
3611
8763
1405
1758
6721
654
2500
5629
3301
3611
8621
279
2928
6704
158
1607
7857
4988
5225
1590
6198
2507
7030
7738
3845
5174
9601
3953
5797
8246
170
4393
5121
6473
487
1841
9606
5869
5875
6186
361
7175
9006
840
2856
3980
4510
5144
6140
6489
2699
3616
3846
4391
8101
468
656
9023
173
2142
8585
651
4351
4491
1505
2903
7480
1508
3659
4044
4045
963
5767
8946
355
2055
4953
608
1628
3621
2540
2517
7245
8997
190
7245
9032
3143
7196
8509
8598
868
5101
8894
2442
8344
8350
5185
7620
10302
1093
6292
6505
4363
7564
8483
946
2428
2710
4440
3097
7099
7216
3602
7362
8340
447
968
8474
199
210
687
2054
270
7913
199
205
4618
5811
1534
5471
5636
1459
3230
5965
1652
3165
3269
8476
474
1654
3324
3338
2992
547
552
4086
344
1345
5562
825
970
3207
3745
386
838
5150
8521
1580
2384
7735
210
2533
1697
4458
5812
1428
2160
5899
323
1795
6503
2565
5066
8223
1230
1182
3545
4290
5421
602
7379
7450
2106
6970
8352
1400
4367
8880
2461
2784
6817
8950
1144
4987
6213
3725
4210
4321
6185
8918
8979
9611
4519
6468
8475
1995
2000
5018
636
7778
579
3073
6954
1659
3543
5310
269
5804
8181
9092
1726
2731
3120
5612
1751
1955
3313
3318
814
875
6330
747
4793
5223
901
6810
7932
8456
356
1055
2211
2585
686
5200
5507
2719
3455
7532
1117
2562
9595
1597
3759
5509
5511
258
896
899
4851
3316
6131
8273
8926
1708
1709
2234
578
4183
7774
9874
836
4294
5773
8929
3551
5511
8533
733
1786
3851
9734
1845
3551
7281
1428
5872
9044
1676
5454
5456
7777
4436
8052
8247
1652
1760
3175
1302
6534
8092
8804
1768
3036
7090
8796
1143
1567
2171
6411
253
5860
6131
3075
5087
5829
326
1649
5043
257
6368
8981
1953
3182
3219
1563
3302
6524
488
2254
8335
3171
5790
1645
6122
2384
4597
5954
8416
7836
8414
9048
629
2004
2010
5508
525
5392
8021
6611
6689
6690
8957
3937
3960
7778
4687
4846
7010
8185
6551
6719
6740
2459
3431
8165
483
6243
7957
312
6703
7898
8268
1756
4213
4360
5239
1027
5246
7094
576
805
2008
276
289
6660
1073
2775
4694
419
6406
2234
5997
6195
8579
794
7278
9616
3392
6677
2284
4257
6296
6835
7665
7669
9401
3476
6870
6895
2633
7101
7103
1179
2805
2875
698
4915
7799
2318
2666
8245
9768
7222
9551
9821
676
2502
7799
293
10161
10162
1876
9304
10228
294
3938
5906
3876
6127
3721
6746
10158
1867
4864
7383
1819
7912
9892
9894
3945
3977
8854
1835
2811
3624
301
7319
9916
496
887
2169
4913
869
2336
2390
5455
3154
9556
349
3042
7635
821
5337
5825
6279
3109
3211
10082
861
1894
2403
6129
7436
7659
8617
3167
3182
3224
2455
6453
6464
416
1731
4102
4790
1989
5423
9621
757
1875
3725
6344
2942
8175
1993
9276
9277
9906
1545
7406
8003
8663
2322
2730
2843
4136
1064
9642
9873
6025
7019
7236
9451
1999
9445
9451
10136
2090
3722
8213
331
6683
7696
1649
4652
7931
6410
9466
9471
9952
1389
4135
5711
4434
5361
8500
926
5774
7560
4454
6091
6769
4146
4955
9456
1504
6776
7361
9053
3030
4048
4805
7765
4569
4962
6079
7279
1451
7424
785
2623
6601
6977
9369
9378
9626
2886
7277
10117
951
2082
4541
5482
345
5435
10120
4169
7105
7457
2121
5357
5768
7343
737
1444
6073
2168
2375
6664
6704
354
5570
7483
7903
1142
6977
9627
5010
6006
9877
3451
3452
4105
353
3814
6153
4167
4526
5759
676
1542
6405
6913
8653
8714
2762
7615
3450
7348
7475
4663
4736
8539
3251
3466
5266
7980
6151
7261
7277
1654
7648
4413
5303
1098
7549
8291
8005
9631
9671
3839
7399
9398
3553
4043
8834
6181
6302
7991
5060
7003
7172
4881
6192
6193
8616
769
829
749
1918
8287
628
2848
4874
7478
1638
4436
7147
377
4545
7212
539
657
4854
8407
756
2583
4600
6603
2882
3922
5603
3026
3848
4052
1875
3280
6279
4602
4850
6222
2470
6140
6489
2934
9481
10035
10036
6825
7501
9018
413
4338
5641
5586
5815
8119
3928
6398
9051
10272
3381
5431
5697
10288
383
2136
3440
7007
3381
7350
10290
748
6424
863
6508
9701
4033
4065
7018
5640
8513
3411
7372
9636
876
3162
9707
410
1062
3220
2413
3216
6494
7573
5119
9572
9640
395
3864
4838
2426
2440
5006
9676
4976
8111
2474
4077
1098
2585
3916
730
3783
5301
8172
4497
7323
7329
1340
6451
8287
2810
3946
7297
4396
5634
7700
1509
3783
5301
7095
441
1355
7305
9649
1007
1805
7628
4294
5776
6392
410
991
3070
5081
485
1070
1265
3504
2172
4169
7343
5799
6220
3134
823
4316
6305
4285
7558
7796
2395
6195
5014
8133
9381
1447
3642
5238
7135
489
4307
5268
5976
6479
1709
4859
7555
658
4066
10162
4564
4675
5918
6444
1974
2141
7621
8682
648
3762
7528
571
573
2111
3441
1976
4535
9644
1507
4908
5289
10311
2053
2432
3874
6056
465
1924
8007
432
542
697
9687
717
2216
4584
577
2887
5492
5900
3824
5365
8857
571
8468
9688
434
3781
3823
4821
7045
7207
4728
4851
4920
1696
3876
4793
5216
3315
4239
5326
8987
6446
9782
10057
776
1698
2135
5349
6381
6461
8653
4005
9650
741
6547
8609
567
2585
1227
6474
6854
4077
4080
5522
1710
5244
7760
8512
2516
2799
4905
1258
2956
4651
8642
4745
6280
6454
1037
7355
9654
4581
6452
8559
2943
7193
7210
8965
1057
3600
8832
9656
473
4703
9238
4704
6528
6751
472
2642
5728
7491
1889
2908
4998
8254
8925
8944
3996
6066
7185
2103
5888
8662
1073
2775
3138
4822
6915
8567
8569
8343
8523
1925
4393
5121
470
3015
4569
5487
2504
5882
6243
4399
5457
6634
777
1924
2163
1043
3577
837
888
9713
5376
7381
3506
4699
1797
7921
1774
3641
4988
577
2414
3765
6145
645
2469
4719
6125
2959
3036
7428
1136
6110
7342
8786
850
865
4402
2469
2480
6926
2642
3015
3577
1892
4725
5876
490
1049
1300
490
5473
8453
9219
9609
9610
4180
9607
497
2104
5703
3907
4892
5634
508
513
5783
6747
8449
3459
4550
4555
541
546
3445
515
2951
4656
608
3215
5256
7390
654
2500
2254
8019
3551
4720
7659
709
7586
7751
7756
3400
4415
10118
10195
1226
3436
7444
4495
4683
8335
1236
1281
9784
4442
6870
7012
2763
2831
9158
10039
3868
4660
6389
3722
5283
5984
526
1049
2578
2621
8352
2617
4391
4392
6309
4317
4385
7876
3889
7225
7302
3197
5473
5236
5602
7224
785
3920
6635
879
2288
2457
6966
2455
6753
6922
7520
1898
4732
6716
2502
3205
7799
1643
6000
6140
594
6526
9276
9907
892
4890
7548
4933
6114
7802
8900
706
1335
4039
4541
1930
4197
8256
1265
4408
5126
3614
8836
9005
1177
7822
705
5624
7308
7534
2280
2514
8290
7340
8784
8946
1580
4597
5172
670
4458
5499
540
1863
3510
2587
4047
4564
5918
2022
5869
9156
2355
2947
7472
9971
1163
3068
8645
4758
5844
3290
3599
7675
910
1310
3944
554
571
3443
1718
1900
2123
8536
2004
2009
9037
720
4125
9936
1656
6929
5493
2587
4548
4902
2706
6568
8539
9832
4225
4293
5385
9866
1505
3399
5165
675
2329
5170
5883
5884
8053
2747
7765
563
3374
7867
1752
2045
2186
6021
8063
8662
6708
7551
7556
9969
1114
6661
7124
7131
925
6342
8406
2099
3679
5241
5331
743
4379
5915
9808
5577
7502
1579
5756
7346
7471
3970
7345
7443
4124
5626
8386
8874
1055
6127
581
7394
7408
4654
4683
8401
961
4590
6315
8300
2378
5232
5680
5777
585
1522
1906
6345
8792
667
2630
7862
7929
2417
4738
8882
2257
9642
9871
1659
3837
5734
7224
7314
7521
2404
8013
2878
3249
3483
7281
6717
7233
9965
2705
3221
6548
7233
1515
2893
3441
848
3974
8882
8751
8767
8974
593
8892
664
1293
1466
592
5544
7861
4850
5896
6324
1858
4516
1799
4076
5867
8162
4316
8078
8081
8603
3989
5722
6036
4431
7633
7658
6503
8362
8383
9077
3697
4165
5528
4435
6442
6479
2043
4221
4506
8519
982
4221
6260
833
5844
5949
8528
3510
3883
9254
3859
4348
7450
1085
4960
9658
623
2711
7800
2822
610
2172
5357
3239
5728
7381
1682
2218
4389
5693
1676
2197
8574
2047
2049
2052
5834
2277
5520
8053
1177
1812
5461
617
624
4465
619
625
1438
3911
5354
1784
4172
5791
6319
8183
837
945
9714
1458
4991
5007
6659
2654
7783
625
3525
5563
5748
1287
7274
7387
2511
4385
5984
713
1066
4696
5507
2060
7970
8146
2012
2239
6522
634
7850
8968
726
4695
6823
1466
3053
6612
968
4906
8564
1229
1243
3592
5058
7514
5084
6335
9996
1729
4335
5689
5791
6634
8183
5004
6681
6827
6980
8715
1158
5010
6118
646
648
7652
4288
6685
2970
3832
4001
2692
7137
10112
3835
7504
5531
8186
10163
10166
4154
4870
7406
8663
2142
4462
2651
5094
9582
2617
4392
5638
2672
3672
671
3487
7480
7612
4469
5457
6053
2755
4758
2494
7029
1168
1959
9663
5879
6833
9737
922
1920
3532
7398
2203
2407
5831
5832
4432
6238
9668
680
3053
9678
5632
7577
8551
2373
4209
6713
4558
5862
4110
6809
6835
938
2457
4490
1697
5017
5018
679
8965
1225
2469
6125
702
2903
7612
2068
8458
8495
9853
8206
3867
679
7103
7210
1013
1015
7541
7104
7612
6576
9679
2322
2448
5999
1438
3911
4177
1793
3912
8889
1414
9058
702
7101
7104
4806
5228
7599
2238
2992
5717
7629
7805
9365
3292
6036
7329
4316
7600
7604
8114
768
971
6882
7723
694
7101
7194
3286
9391
702
4002
2166
5710
6300
1581
7351
7598
8264
809
2747
9689
1331
4066
4947
3709
8020
8337
6128
8366
9191
2695
4845
6251
3644
1927
4246
5992
707
6174
6791
3821
7419
1688
4687
6405
7573
8371
1345
1540
4105
7304
6387
8497
5316
6735
8572
1248
2561
9048
1066
3513
7134
3513
5453
10127
1478
1479
4176
7858
1730
3704
4508
1685
7283
7531
7144
9665
2238
2242
6622
1340
1996
5998
6488
2209
966
4718
8923
1715
5777
7893
5214
5539
5557
6203
3536
4170
4771
3357
5025
6331
8307
4565
5028
772
845
3427
7055
2110
4512
6682
4743
5605
6152
5458
7369
2798
3629
6226
1095
1194
2868
4803
1110
1902
4473
8544
9682
10084
3409
3566
7632
10281
7376
7505
7522
739
1300
3197
2583
4599
4692
745
6089
4209
4520
6005
8118
2641
3171
6275
1012
7392
7664
5443
5934
6273
6238
8866
9388
9669
1765
8819
813
2312
6100
4035
8500
8685
1017
2136
8982
4035
4456
5223
788
1873
1876
8125
3875
5398
5688
6918
7879
8355
10015
2389
4659
6552
8337
1040
2954
8415
9925
933
4175
4327
7775
2109
2799
8304
3271
4595
2077
5594
5599
2373
2407
6369
2630
4558
4616
4820
6496
6851
8466
1092
2885
2897
9174
2174
6115
10246
769
829
2061
4552
4969
5338
867
1570
8498
1708
7755
1212
7296
7755
8511
7495
8612
9756
7476
9062
9063
1190
1766
2042
2339
8114
1734
4012
5774
7560
2987
6887
6973
1900
5347
5270
5627
2844
6886
7956
9187
1189
5214
5576
3176
3705
5676
1864
7890
8536
4857
6019
7908
2963
5899
6252
7599
3091
5675
10234
10237
4656
4428
7905
8709
4625
4957
8385
874
9193
1008
1912
4059
7203
1738
4311
5158
5983
4342
8358
5142
5373
8545
859
872
1035
5512
9617
1711
6838
7934
2504
5778
6300
1323
1396
3098
6910
3168
4638
6455
10186
809
8468
9690
3141
6311
6514
9382
10217
10218
10220
4940
5085
9826
9827
7127
7488
7813
3914
4712
4939
10216
1102
1941
5669
2002
2053
2680
1834
1903
3987
4054
812
4490
5844
4877
9691
2403
3963
4287
5353
2184
4750
6596
7859
2555
2611
8407
861
4173
6129
859
1052
4708
817
866
5397
2312
7538
8588
2216
4584
2111
2968
3442
3443
5635
8367
8582
8367
9664
1906
2047
2435
3987
4054
7997
1881
6248
7604
2460
2744
5163
7105
7637
7674
5704
5715
8530
2061
5144
6341
8150
915
7418
7656
838
5150
1239
5049
6786
839
4648
6649
1299
2406
4730
938
4490
2487
4462
4654
4657
1311
4589
4945
8594
4230
5484
9715
8150
4142
7745
8681
860
4983
3617
4091
4502
4509
2807
6016
6422
889
1307
8721
2982
6729
6768
9035
3048
5359
894
2645
8131
1119
2531
2563
5966
860
3378
3980
855
2454
5739
6639
5468
6269
8040
993
1088
2485
4493
7625
9693
1438
4371
5334
5826
7546
7587
1211
2246
1423
6758
7717
8636
3932
3934
9122
866
7537
8583
2639
5934
3160
865
4646
5027
6320
2453
9699
4396
5137
6442
8166
5671
8587
3344
3593
4643
872
874
9199
4381
4545
1598
6202
8069
4337
5240
7777
7797
5939
3296
9565
9703
5108
4379
7322
9708
884
4726
4916
7248
6537
8881
9846
9847
1299
2555
7810
9737
9738
9739
1020
2640
2889
7341
2909
2930
9475
1306
1501
3119
6626
6766
6966
7116
2076
4260
7906
2499
4036
5299
945
7783
9716
4761
7801
8896
1154
3756
4895
4986
2645
6982
8131
4579
7873
5722
7409
9390
2674
4129
1159
2999
6711
9468
1494
8131
6482
6753
7635
924
4956
8781
5218
8131
4428
7984
8709
10102
3871
8286
8385
9897
9898
2590
2674
6839
1908
3676
7877
7910
1586
1605
8731
7068
9342
10050
3124
6904
8920
3162
7392
9384
9709
2240
4233
7593
1309
5501
10206
4728
4916
4920
6717
8502
8984
1006
1132
1368
6018
2251
5300
9034
10247
927
7506
7654
962
2739
6651
7094
7862
7922
2767
6803
8390
1339
4151
7037
7247
1291
3431
7393
8037
8423
8448
9055
4110
7371
4088
6066
7628
1092
1267
1907
5713
3861
4138
7418
5546
5549
10281
1475
4933
6766
1437
1647
5975
7924
2450
6844
9730
9732
7380
7947
8217
7742
7747
1306
6978
7802
984
6104
7187
8378
938
2953
6040
2294
3700
3703
4423
5951
4861
10009
10012
942
3527
5942
5878
6283
8359
973
1608
4500
966
1872
2477
8607
1743
2707
8389
9717
3950
7645
1284
6937
6967
1503
6801
5252
9098
9246
1677
3389
9718
1164
6699
4804
6695
8014
5073
6012
8074
4038
9392
9397
1853
3149
5256
9119
1921
3518
7924
4396
6442
3413
9723
9725
1088
5779
7010
4070
7503
8994
3062
8349
2364
2815
3040
1942
3651
3845
5887
9602
9605
3652
3802
3976
7517
7790
1144
1305
6245
9434
3585
4167
5759
1829
4451
7027
1212
8177
1443
6593
7049
3527
7446
987
5470
5992
2974
5107
9728
1754
3867
4576
8456
3243
3679
8220
1144
6213
6793
1297
1917
4628
2601
4147
5936
3555
4246
8919
4301
5904
1018
1374
3745
4362
4616
6154
3488
6155
7388
1890
3068
5217
1642
4557
5381
1506
3807
5904
7379
2826
5116
6919
7171
1283
2766
3293
4863
2671
6308
1886
2870
8762
8863
1074
1892
5876
2992
6550
6551
1252
6019
6631
3158
7501
9018
1616
8308
9183
1242
2750
2934
3043
6651
6888
2866
4694
6596
8650
2023
2443
2795
6253
2909
8969
9474
1755
2198
8683
1970
3070
6561
1015
4200
4483
1320
6873
1505
2903
2164
7721
1475
6766
7667
1013
6148
7666
1018
3745
7947
3940
7391
7653
1660
7886
1223
3478
3759
5513
4485
7617
3275
7190
7326
10140
4512
8985
3667
2594
4395
7464
1137
3438
6879
1391
2696
2781
10023
4580
4758
6052
1063
1880
6290
2539
2615
6243
1360
4266
5768
2767
5682
6832
1045
6221
1144
1208
6245
4522
6957
6962
7477
6538
7446
7683
3389
4037
9719
7610
9540
10197
2530
6132
8090
6833
7842
9738
1052
9179
9199
2186
6169
6675
4030
8964
9655
4409
6120
6131
8273
4008
9563
10188
2364
2561
1752
5650
6169
3892
7989
9743
4569
4941
5342
2477
6916
7640
2582
6970
3453
3835
9018
2305
6482
9748
2177
7893
8121
3048
5359
3899
6540
7682
2305
6531
9747
8308
9183
4175
8038
9493
9742
3248
4792
7149
3670
8500
3405
3832
7471
3805
8831
3248
4792
8486
3438
7295
7341
10121
8438
8537
9647
5809
8362
8383
1545
8003
8648
1744
3203
5045
5646
9871
9875
3236
3239
5408
7090
4874
7316
1179
2333
9036
3368
3535
5339
6463
2039
2062
7580
1077
4373
1185
8055
10051
3116
3342
5614
10111
4538
4754
1088
8185
3362
5226
8908
1703
5243
5498
3504
4449
5254
5264
7088
2952
3152
8100
8768
2452
2582
6105
1308
1878
1890
2872
1325
3310
3391
6812
5467
6939
7114
2936
6311
7745
1167
2620
9659
2765
5114
6591
5220
5271
2226
1093
2501
6292
2190
2193
4501
2277
4245
5792
9884
1410
1425
1129
1133
3086
4797
6336
3853
3921
8962
1227
1231
6681
1964
5794
1637
3670
5976
7549
1165
3564
4111
8275
3848
4925
8531
2335
3684
6524
6742
6898
3856
7303
8513
2069
3707
6520
1938
2119
4298
2806
2877
5054
7447
1215
1944
8277
9771
3722
7898
8213
1333
6679
3667
4114
4832
7944
1631
3357
5868
8563
4849
6034
8485
9264
3369
8910
3760
3762
5427
6874
6935
9752
5741
6930
2562
4781
5741
1135
5963
3032
4991
7917
2774
6600
8565
2983
8028
10298
4449
5609
7924
2571
8490
8570
3037
4634
6568
6643
2538
3231
3711
3274
5087
5201
3767
6882
7723
8396
1633
2938
1138
2700
7607
8570
1443
2730
6786
7049
2162
8525
1323
1394
6388
1326
4059
6771
8399
1153
4383
6299
1138
5893
6084
6931
6688
1567
6519
8372
2346
4802
9965
1896
2604
8486
4655
9628
1568
3908
4749
7486
8974
4116
4210
5652
6059
2175
3034
5285
3965
4249
7750
1173
8580
9757
1230
5615
8372
1580
2048
7735
1214
2435
6303
1181
6223
1529
3885
1596
5475
7527
1157
2184
4882
1160
3135
6907
5440
9597
4580
7025
9470
4856
8398
2366
2853
8411
3687
5221
6806
3014
5217
8677
5478
5482
5828
1800
3566
1171
3499
4840
8275
9536
9660
9662
2613
3272
9726
1683
2174
2188
10245
1258
1176
8806
9686
8612
9065
2492
4760
4854
4766
5105
5517
1365
8779
6925
7824
2031
5419
9920
3225
1184
8631
8666
1189
5963
4087
4295
7774
8454
9872
8690
9723
9724
8384
9342
1771
7106
8846
2790
3375
4248
7474
5245
6947
6951
8316
5961
7461
5132
7084
8833
7143
7949
9762
2182
6230
7773
1198
4072
8836
1463
2747
4805
2923
3033
3108
4032
5667
5989
1258
4840
2353
5928
7481
2666
8480
9766
2195
2353
2855
3927
1348
1586
5729
7706
1210
4847
5978
7529
1468
7780
8741
2645
6292
6504
2100
3333
5271
5440
8879
8883
1621
3606
6828
7377
1822
6793
5184
6111
8954
4843
4844
6639
7589
8328
2462
5402
2530
3962
4505
7086
3426
4627
7394
5664
9772
5664
8277
9773
3393
7356
8827
3045
9561
9776
1621
1666
3561
5093
3312
9537
9780
1317
6945
6946
1721
2062
4042
1636
3396
2802
4515
5683
5721
4286
6121
3511
7902
4565
6321
1407
1413
2851
10072
3294
7590
2054
5818
4565
4695
3682
6695
8924
1236
3177
9785
2501
6438
6582
2984
4104
4296
5403
9786
3593
8158
8918
9612
4183
6367
9641
1338
4650
6881
2956
3067
9464
3855
7885
9675
6575
10034
3634
4780
7590
4666
4944
7293
2313
4259
4612
1484
6952
7019
2233
5099
5485
7821
8414
8988
4015
4020
7400
8620
9511
9789
1709
4859
5997
2989
7905
3252
3258
5309
3786
5555
9109
1389
1877
4313
5711
5287
9348
9353
9793
2902
8768
9136
1261
4573
6683
3853
4739
5944
10182
4574
4697
7432
2291
4667
9014
9948
5287
8884
9794
2774
6681
7619
4370
4377
1334
2107
3180
7136
6399
6401
9174
1277
3954
5212
4246
5597
8514
1946
4246
5597
1400
7300
8387
2333
3225
3550
3080
8028
9815
9819
1293
9571
9678
9836
3650
7301
7744
1998
5275
5845
8749
1770
1773
5213
1371
3108
7818
3296
3804
5382
2917
7137
10059
10061
7952
9494
9787
1550
3993
7186
2452
6133
5759
7464
2675
5103
9350
9355
2972
6875
9835
9839
1991
3430
7385
3555
5470
7824
4049
7368
2129
3039
7246
2459
7312
9010
2447
2785
9486
9490
1585
8746
1547
2178
6945
1376
4994
5765
1298
7525
8060
8719
1554
5787
5789
6044
7477
2818
6966
1765
3454
7509
8723
8796
1780
5581
4833
6874
9753
3820
4289
4315
4968
7062
6801
6872
2734
4374
8713
1338
4688
1310
7413
10207
6895
6123
7366
7373
1658
3827
5750
1319
1326
1498
1452
2173
8170
5005
5112
8169
10087
2058
2176
3093
7249
2175
7071
3055
5112
6946
9797
1885
3627
6507
2162
7076
9223
1758
5336
8089
7042
7423
10208
10211
2073
2975
8791
9558
3390
7155
1353
1584
1332
2961
6414
4534
5281
7361
1400
8387
8897
3499
4079
2293
2296
10160
3648
6397
6407
1346
1786
8980
3426
4872
6074
2082
6405
1372
2938
8645
3717
4217
4229
7825
4611
7226
3186
6896
6262
3031
4925
6070
1359
1375
6525
5100
5132
5139
5531
7868
8186
3924
4707
8985
2419
4473
4480
1691
6326
3927
4074
9800
5225
5266
7120
1537
3460
5413
9675
3577
7457
7492
8159
1497
3627
7966
3425
8270
2633
3663
9651
2129
2909
6204
3361
6198
6888
1808
2369
9565
9704
2791
6993
8675
3455
3714
7518
2217
4216
4477
1495
2095
7937
8624
4198
7514
8634
2243
5811
8816
8722
8779
6165
9852
10002
3033
5184
7850
1452
8170
1483
4146
4971
2398
3657
5401
6995
9007
6510
6515
7079
2074
4166
5734
7170
4832
5308
1868
2961
6993
3417
4917
4983
1737
3741
8195
9225
2728
5575
7386
2932
6728
8697
3331
7984
7987
4100
4492
8029
1384
3866
4853
6585
1386
1387
4046
1441
2301
8456
2988
8951
9802
3209
3287
8197
1390
3210
7795
6187
8318
8327
3328
3287
4145
3079
3100
10024
1398
1751
3635
4636
1399
3718
5975
1396
3086
3346
7100
8672
10078
8776
2729
2768
4992
3601
4637
1402
1592
4401
7123
7131
8910
1469
3422
5465
2602
3708
7718
1548
3482
5490
7032
1435
3217
6760
1407
1411
6439
6047
6438
5026
7069
10049
1419
7107
1416
6438
1413
2841
3208
6266
8514
8919
3094
10073
4282
6261
9059
8651
8666
8690
1425
6047
6448
4895
5636
7728
7620
8826
10303
2108
5320
4546
8288
8291
1422
1426
8640
1429
4680
5805
3497
6700
7721
3493
4055
5301
5458
1429
1429
2484
6505
6868
8544
9683
2963
5031
1432
5936
1482
2424
4224
3585
5564
5935
5561
5567
9806
4623
8258
8800
1758
4151
3444
5412
8017
1592
2348
8134
3937
4176
5681
1448
6461
7997
4576
4588
4914
2525
4033
5393
2688
4689
3164
5377
1783
6838
7930
8241
1510
1527
4544
2035
3424
7426
2435
6303
4136
5280
7489
7931
2481
3505
5340
3247
7712
6763
6873
1479
1654
4176
7469
4147
4373
6287
3755
3758
3861
1459
2534
2890
4927
3321
7616
9811
1911
4122
2884
9202
9777
9779
2190
2194
3773
4936
3080
8841
9816
4812
4877
6340
1512
3923
4785
8633
2535
3285
4666
8226
7850
1646
4426
5529
7726
7782
8737
4158
7718
5487
6079
8991
9255
4231
7673
7825
2905
6878
8730
1478
7576
7940
3822
4006
5973
8217
5110
6114
4887
8234
8867
4506
6503
9337
8346
3324
1830
2607
4181
6020
9527
9554
9812
4269
6859
3132
4955
8421
2596
3129
8375
3691
8851
10172
7788
7925
8067
2916
8268
1823
3780
3781
5024
3522
7222
9822
2217
4216
4821
6499
7219
7788
3487
5165
7480
7806
1553
4718
7790
4728
6982
6543
7943
1797
3800
3905
7444
2083
3235
4059
1885
6785
7082
2044
3224
5048
2176
4827
6901
1503
1600
2965
6819
7078
2557
6899
7257
4088
3412
3414
5323
7085
10310
4049
6024
4084
5297
4418
5953
4119
5001
8404
7981
8405
2941
3900
4429
1815
1963
7040
10068
1535
2486
1517
5155
6038
7559
6142
7878
1844
4386
6146
1844
2341
7915
1558
1655
3231
8784
2901
3257
6739
6950
1538
2111
1817
2809
10029
3168
3477
6416
3055
5072
5096
1552
1565
2873
2214
5147
6628
2549
4984
8545
3757
4836
4986
3038
4997
6782
8219
1692
5270
5274
2550
2559
8358
1535
4974
5931
7728
8009
10302
1538
6207
7140
7812
7864
9763
5006
5962
7005
1541
2214
4309
4544
3924
7483
8351
1787
5931
6478
2082
3867
6699
7634
2744
5163
8402
7566
2942
5044
8175
8402
2167
2977
2987
1668
5745
4640
8440
9825
1910
2812
3570
3244
6720
8863
9035
1574
2940
8237
3322
4893
7846
2945
4041
5412
6037
7058
4736
6549
9831
1583
2117
6037
7263
8787
1632
2969
6626
2902
5107
9732
2495
6096
6590
8067
8272
8368
1620
8748
2080
2363
2483
1583
6958
2368
6317
6519
3908
7736
4978
8849
7433
7436
8600
3264
3402
3111
5051
8960
4668
8673
8770
3274
5087
7053
1583
6037
2139
2287
2331
8462
5019
5819
6091
6676
4128
6370
6581
1581
3569
6936
7174
7455
2382
4182
2373
6374
8118
2024
4644
4647
6771
6875
9837
6143
8860
1591
7321
9569
9625
3462
4788
9840
3462
7332
9841
2330
9803
9804
1615
2759
2521
5465
4641
9344
9826
5534
8422
9843
1963
2993
5848
7803
4539
7506
7523
3615
8617
1729
1745
8173
2810
2966
4497
1610
2557
6944
2170
5178
5235
2789
5756
10062
10063
4419
4592
6648
4092
5902
1691
5705
2285
4293
5302
5385
4757
5558
7716
3791
7417
4844
4847
7519
8192
2863
7078
6166
6379
8050
4414
5857
9524
7214
9423
9438
10028
3802
4515
7891
2790
3961
1873
8667
9193
3317
4521
5902
7675
4452
9849
9850
3222
5123
8628
3025
6898
10280
1632
2969
4830
1644
4726
6626
7015
2820
6004
8518
3076
4270
4664
9016
1820
3523
3833
4394
8007
8682
8705
2646
4479
7328
2812
3475
3970
7217
3358
6072
7124
7131
3041
6331
7164
3087
3088
2619
7871
8677
3662
3757
7732
3757
4411
4836
8288
5386
5509
5268
8247
1832
3662
5794
1674
1987
2051
4583
3979
6777
6822
8983
2629
3246
8216
5470
7232
4093
4108
7757
6805
7870
2590
6020
9507
2576
4157
7720
1708
1709
7909
2756
3775
2068
8532
9854
2156
3150
3823
7102
3573
4250
5451
5461
3754
7505
4279
6845
7150
1816
1984
8495
5940
7891
4166
7617
7666
4768
8051
9979
10276
5909
8145
9859
5082
6722
7586
7751
2240
5108
9870
3360
5221
6806
8051
9938
3449
3810
7415
1965
7032
7569
4412
7834
8716
10197
4144
9720
10200
2624
2651
5094
2387
2949
8958
2834
5840
6161
8140
1977
3917
7282
5171
9568
9863
4381
4037
7835
9720
1679
6727
9979
5161
9938
3312
4837
9781
3860
8137
8252
8944
3897
4225
7299
8320
10272
1686
3819
7500
4178
4532
1733
2680
4042
4674
4846
4924
4953
1793
3034
3456
5039
3847
5258
5282
2506
5649
5694
4972
5971
7851
2057
5619
7251
8516
1816
5841
8457
8488
5361
8294
4220
4223
3878
6258
2320
9524
9868
7330
8434
2228
5327
6241
2257
9640
9643
1838
5718
8911
2261
4297
4594
8661
1731
4307
7545
3722
5984
6041
3113
5135
7488
7798
6347
1776
4213
1783
2366
4492
1796
8439
9830
4207
4544
5687
1869
2177
2189
6251
2591
4715
5351
8121
8339
2421
3686
5420
2131
5349
3312
6933
9511
9790
5278
9512
3713
5643
6249
2284
5646
6355
7602
5330
5524
5527
5784
8454
9873
9874
3706
5420
8794
1732
3735
2132
5543
6258
2420
4328
4547
5539
5178
2804
9049
2228
6241
2420
3120
4328
5643
6139
7195
5351
7330
7890
2145
10155
10232
10233
2244
6528
8742
9702
1744
3011
2059
2124
2159
5836
6992
8450
2748
5046
6097
8726
1840
2050
2241
2339
4549
1879
4813
7969
1746
3983
8558
2828
5045
8195
5670
7303
8513
4057
4515
5721
7889
6793
8036
9791
4665
5678
7701
7760
1940
4202
6137
2220
4293
5300
6810
8451
1824
8126
2568
8221
3256
5337
8772
6911
2099
2545
7594
8065
3623
7443
4289
5273
5348
9765
6145
6607
7516
3859
4101
5526
3278
3930
3931
9459
3048
7055
3349
6063
7426
9437
9842
10028
3236
7509
2920
4949
6656
2358
8236
1914
3474
7075
2076
2684
5744
5406
8937
3772
5602
3552
5414
7121
3712
7555
8512
1865
7327
7506
2629
3444
8214
3994
5466
5997
6195
3125
3227
2899
3682
5378
7288
2635
3246
8209
8029
3524
3906
7901
4048
4805
4812
4238
6818
2111
3442
1789
2912
10296
6814
10297
3292
4025
7323
8802
9522
9876
6933
9288
9791
5285
5911
9003
9877
3985
4132
8362
7324
8430
5757
2646
3430
5604
7388
5322
9882
3564
5545
5668
9568
9865
10247
8045
9310
10171
3258
4876
4884
5262
3658
5304
6963
8520
3815
7256
7664
1884
2834
9991
1809
3633
6861
3689
3744
10168
3632
6678
10297
5770
6295
9885
5561
5932
9807
2153
3565
4777
5601
7130
3428
5421
7083
2050
7803
2066
5325
2717
10030
8122
8923
10022
8368
8384
9329
9704
10168
1887
3203
6290
7076
9783
9790
3647
7052
2208
8120
4969
7917
4282
4344
4506
3715
4292
6138
6196
4139
5526
5546
3745
7719
2474
4078
8716
10190
10199
1987
2213
7067
3414
4222
5400
3323
7993
8902
9946
9948
2749
3374
8184
2228
3874
6138
7752
8788
8907
4586
5696
6085
6286
7040
1870
9608
10226
3284
5650
6648
1855
1861
5585
1935
6246
3972
7004
4450
5586
8119
3624
5767
7180
1852
2006
2010
3681
4234
4235
5973
2542
2636
5489
1936
2045
5518
5519
2005
2008
8215
1986
4030
7255
3531
4771
5950
4450
4487
8149
2663
6866
8877
10032
5071
7208
7302
5752
3494
3859
7450
2092
3857
5564
2179
5346
8149
1886
2870
3009
6560
7363
9427
2059
5774
4143
7507
7526
4007
7027
7403
3423
5788
3648
8596
1932
8733
4180
7141
9609
4864
4900
10175
8122
8923
4363
10228
1879
8389
8430
8439
6345
5108
8470
3631
7865
2746
7226
2233
5444
3398
6302
7028
9981
10191
2023
2441
2881
1901
8097
2859
1909
2864
6873
3046
8281
9889
2396
9942
9943
2746
2430
6199
8133
9988
6409
2055
2549
2670
6628
4287
5194
2618
6346
10014
3121
4954
6917
2056
5652
5954
8658
2199
6277
6364
2344
4312
4380
8023
5349
7709
1905
2567
6325
6680
8562
2543
3325
6077
2524
5916
6328
7894
2823
8958
9990
2278
6279
2397
6428
8953
7881
9436
2065
2842
7186
8691
4929
4991
5965
5044
5219
2410
4127
5070
7080
10140
3019
3655
10148
3268
6638
8095
2945
4647
7966
6262
8503
3205
4686
4915
7810
7844
3718
5975
3511
5972
7902
2769
4768
10277
1925
5630
5638
6006
6216
6358
1931
3799
5381
5397
7713
8001
4998
6075
6256
5694
1946
3794
1934
4354
5892
1974
2222
5629
8682
4328
5822
1941
7915
2186
2338
2536
4440
4553
6421
5148
6149
8531
8727
1955
6721
6911
2008
3559
3660
6860
6615
7334
8034
2562
9594
4577
5762
8765
10255
7527
4871
6016
7406
7408
2250
10017
4384
6445
6545
2259
2624
4681
5852
4625
8176
9896
1966
3734
9904
3167
3601
3701
5666
8049
7999
2627
6164
8141
2883
3268
8098
1959
8334
8357
9666
5635
8367
4340
7750
10221
2084
3952
5684
3865
6657
2128
4436
8247
3704
3708
7158
7282
1973
1977
9904
5183
9475
9481
2937
8059
9021
2671
8689
3448
3638
6587
8360
2773
5937
6028
6940
9903
3672
5841
8382
8705
6172
8024
9645
4583
8104
2044
3268
5226
2927
2946
8994
2478
2655
8043
10019
2741
9279
2308
8074
8790
3099
6653
8364
2068
8101
3125
3227
7247
5152
9655
4498
7252
2298
2350
4388
3829
9622
4672
4841
10264
3288
7606
3165
5269
9964
9266
9273
9908
6526
9273
9909
5327
5332
6061
5017
5018
2449
2837
10291
2149
5851
9439
9447
10138
4194
4220
5812
8785
8845
6056
2922
3111
5201
8501
4737
2009
2179
8151
2008
6246
2325
3348
3370
2010
7972
3938
5450
7274
7605
2595
6567
6658
4228
8087
9911
2803
9556
9918
5719
6496
6562
8560
2447
2461
2785
2693
6136
9734
2253
5041
5160
5029
6730
9301
5919
8199
10314
10315
2516
8196
2445
8838
10201
6014
4996
6958
2194
2353
5928
7714
2752
5016
5160
2469
2480
4286
4719
2828
3958
9039
2122
4286
6188
8971
3614
3910
8633
2088
3609
8285
3356
6108
6476
5364
6288
8756
10249
2381
2388
4847
3641
5574
5595
5599
8143
2071
2627
6516
7322
9383
9387
9710
5641
7212
2388
3284
5974
3280
7553
8119
2241
5621
7791
4348
4883
4885
3128
6638
8190
5571
6183
8082
8215
2048
2049
2278
5002
3662
7732
5806
5839
4042
5673
5617
4418
2150
2690
6523
6715
2978
5253
5158
8342
4330
4772
2281
7757
3713
5673
2916
4772
5986
6041
2089
6781
8086
2113
7788
5841
6473
8004
3831
8285
9921
8487
2248
3834
3884
8096
8233
8573
8096
8769
3364
6959
8098
2751
4918
6910
4476
7089
3649
3915
4839
7459
2847
3653
2313
2438
5684
2476
7070
8686
2084
8143
10259
2513
3157
5458
5599
5684
8143
4096
7964
2085
4889
4630
4631
4308
4723
6001
2112
5985
8213
3831
7156
9922
2859
4729
7072
2265
2342
6796
7993
7996
4147
7860
2094
9800
3811
7006
7779
7829
2467
5113
6797
6988
2100
5311
5333
4143
4226
5399
3229
6869
4296
7565
9252
2432
3874
5327
5332
6006
6358
2569
8401
4434
5361
6264
2824
4673
7977
3283
3426
3533
5695
6065
8343
2774
4734
3675
4594
5462
5224
7925
2856
3163
8819
4875
7572
3403
5743
9898
3153
3845
3078
5088
5416
3872
5670
7284
2761
9133
9157
4909
4719
8971
2347
8342
2126
2344
2347
5098
9505
9923
2132
8023
3465
3669
5555
2993
3058
7040
3077
3117
6072
7123
7945
2132
6258
2347
7352
9060
9267
9301
5350
5448
6371
3878
6233
7087
4721
4722
6431
8093
9927
2765
8508
2662
3416
9931
8680
10317
2226
2485
4318
7583
10155
2508
7562
7611
8080
2152
4320
4368
3021
5091
6696
8365
2150
2171
5654
5954
4309
4463
5457
6451
2158
8750
8812
4081
3643
6126
9974
2155
2269
10234
3747
5451
9270
4430
5675
6177
6259
2652
2757
7356
2371
7630
7654
7658
8774
8813
2165
6230
5896
7973
9044
3686
5543
8023
8083
8175
5632
8551
5219
6839
8181
5092
9533
2504
5700
3093
4827
5720
6332
6492
2670
4951
5303
2182
2188
5035
5728
7430
3140
6901
2182
2178
9796
3140
2593
5154
8875
8712
4153
6595
6852
3854
5874
6440
6200
2185
2690
6672
8117
6211
2191
4081
6671
2256
4203
5663
6589
7049
3897
4067
4559
8732
4018
2507
2754
4561
6364
6716
8647
4075
4934
4069
4074
7714
2694
5548
6280
2225
4381
7212
2926
7753
2407
4732
4737
2727
6502
8297
7529
8566
8605
6346
7872
10015
5723
6236
3276
8764
8825
8943
3084
6717
9054
9967
5104
5171
9567
9864
3228
5724
9053
2532
2926
7320
2524
5916
5550
6203
6223
8291
8685
5207
5671
6100
7147
7234
4437
3159
4185
7093
7239
7537
9664
7045
7054
4262
6350
4827
6901
8086
2251
4272
4834
2260
2303
5015
5648
8007
4345
9381
9941
2304
2361
7466
3826
6057
5779
4390
4462
4657
8344
3904
2243
6690
8816
6547
9761
9770
2232
3737
8771
5375
7581
3958
5045
3673
2591
4715
5704
2237
5041
9039
2263
3958
5099
2514
4358
6567
6609
8868
5101
8550
2265
2992
6551
2397
8953
5737
8869
2795
4604
5731
6253
2867
6084
3911
4940
5672
4403
4549
2253
2260
5365
8740
6087
6891
7431
3886
10250
2592
6500
8161
10314
2263
3709
5880
2259
2624
5497
5749
6420
6675
4257
9641
5029
7354
9269
9297
5761
2263
6909
2335
5985
7913
4068
6002
7878
8626
9503
4403
5621
2270
4623
8800
2528
5237
5661
5261
5704
8530
3873
5227
4264
8879
2303
2978
5485
4308
4323
5144
8150
5440
8879
8881
2442
4681
8350
3836
4594
5462
8707
5703
5778
5882
5002
5806
8718
6813
6850
6867
2433
6672
5956
6341
6579
9345
9944
2289
5647
8079
9871
5375
8771
6192
8049
8050
6085
6583
6044
6957
5307
6294
7991
2531
4332
5903
5292
9949
2417
6281
7761
3693
4762
3699
4860
2622
6655
6890
4762
4915
2385
9873
9875
2365
5693
6350
6229
7064
9519
2356
3941
5204
3866
4685
8241
5946
6410
9953
2308
6909
2465
7465
9746
6285
9492
9597
5030
5383
8233
2978
2634
5384
6516
2527
6193
8593
8616
3357
4907
5025
8302
5208
8167
3952
3058
6116
10069
5250
9631
9670
5679
6355
7602
8079
3090
9795
9796
9766
9767
5321
9519
9958
2463
9869
8805
8998
9279
9961
4689
6761
4249
4271
7536
7731
8805
8935
9962
8935
9026
9963
2340
2944
4033
4044
2503
4596
6716
2360
4388
5863
8162
4572
5263
2955
9802
4727
6591
4911
9661
9803
6529
8828
2346
7241
9966
7915
4545
6362
2340
3655
4044
10149
5579
6359
3955
8222
3019
10150
7970
8266
3675
3834
4403
4628
4642
5789
4311
4240
4319
5290
8481
9967
2521
4361
6293
2378
4322
5277
9939
2365
4303
8160
2444
3132
8989
2836
6708
9970
2848
2442
6404
6470
2455
6842
7467
4287
5334
5353
4383
5842
6223
5296
6255
8410
5635
7568
8357
8135
8925
2465
4333
7462
2761
8838
9995
7296
7369
7959
2800
4305
6667
4440
4612
6429
3908
5019
6086
5382
9565
2433
6412
6672
7629
7656
4155
7183
7968
5831
3645
6126
9975
2380
5608
5290
10157
3376
6242
6743
5272
6327
2413
6920
8400
6107
6704
5476
5978
6201
5002
5172
4831
4839
7459
5810
8658
6229
8454
9872
6690
6697
7250
8957
6265
8614
3289
5476
8020
8248
6202
8032
2451
4590
4945
6315
2658
7671
7794
5672
6130
7848
9826
2506
9020
3713
5641
8579
8147
8208
9564
6719
2410
6022
4264
5438
8879
5897
6820
9735
4331
7746
7766
5122
9281
9856
9858
8166
4632
4871
2801
3850
8932
2577
2621
2818
2801
4865
7950
8015
6994
7839
9981
7960
8421
2443
5798
6108
7687
8014
9982
4897
5095
7521
4016
7209
8629
3609
7156
7595
8264
4740
8151
8298
8561
8565
3026
6325
6203
2427
3706
4232
7592
9983
2429
2960
7703
9300
4269
7741
4878
6232
8601
3114
4670
6859
8602
8603
4612
4709
8259
9295
10241
4444
9989
3307
8067
8272
4769
3261
6623
3680
4108
6139
8018
2869
3703
3721
10158
4553
6926
7789
3394
4259
3812
3840
3858
8835
5412
7856
2443
2509
5608
5761
2462
5340
5402
2479
4572
8347
4283
5751
9992
3486
7146
6123
6313
4931
10292
2894
9728
9729
2657
8504
8506
8540
6511
8305
9700
2876
8496
6119
6170
8293
8331
6044
4721
5270
8551
2689
2712
4644
5177
8700
4414
9566
2830
4981
8412
8959
5843
2896
3382
7292
10113
3183
4904
6170
8280
8331
5653
6000
8084
2743
2789
10062
7358
9824
9917
2658
5090
6687
2607
5522
2476
3647
6734
8694
7024
7657
8620
9288
9792
5263
5869
2536
4553
2505
3385
8700
7563
9872
9957
2505
7296
8700
3008
8636
2487
4956
8781
6409
5831
6236
6713
2492
2787
5708
9517
9534
9997
2492
2758
4760
4765
3726
8373
8555
4066
4423
4924
2497
5970
7738
6449
9693
4596
6354
6791
8555
8608
2549
2670
4975
5299
5305
7539
8639
4571
4588
2508
7562
5053
2513
8059
6354
2727
4107
2881
6664
4823
5837
6457
4312
6307
7808
3776
7229
8548
2857
6620
4259
6197
6733
8474
3027
7000
2554
2694
8559
2686
5231
6430
6441
5823
5873
5899
7973
2636
3029
5723
6454
4273
7345
8955
8196
4065
4426
2805
2875
4819
6225
9984
9987
5428
5807
6360
5128
8461
10000
6778
2560
2640
3604
7041
2765
5114
3030
6149
7849
3630
8872
2710
3281
3985
4132
4425
3753
5368
7263
3678
5876
4781
6943
8475
2607
3690
4165
6088
2602
3704
2546
2651
2732
5852
6270
8063
4872
4904
4486
8321
10251
4139
5549
7861
5142
3564
4837
6621
9537
9782
3122
6217
6561
5690
7627
10003
3854
5548
4490
3315
3435
4060
5326
5848
2559
5526
5546
4111
7865
2563
3688
8231
7574
8415
5740
5552
6611
8508
8816
8211
9818
6930
9514
9593
8610
8613
8958
4356
5239
8239
5703
7957
9062
9065
9756
4849
5894
6906
6240
6706
10009
6373
8482
9595
2623
4587
4742
3107
5049
7034
6293
6297
4622
8592
2658
7794
2580
2724
2766
6787
2657
3293
2601
6297
6693
6969
8472
3668
5977
8001
8052
2765
4618
8508
6491
8466
2936
4688
8643
4449
7670
7924
5218
9289
4710
8339
8123
8127
6038
6251
2601
5936
6071
8472
3783
7019
6015
6522
8377
3006
3064
5275
4395
6287
2608
5891
8666
6287
2636
6615
8027
8423
4954
7215
8499
4629
6158
8289
2789
2790
7474
4838
3931
8631
2714
3024
6167
6459
2851
3000
10074
10075
2818
3017
4062
7036
10012
3278
9459
7662
7668
9455
3678
4541
8284
2623
4587
5886
4262
3618
10016
3014
7870
5098
9532
9924
4622
5430
6101
2813
5633
5914
6893
9575
3085
3881
7971
5606
6445
3112
3620
8624
2635
8218
6221
2633
5725
7269
9652
6101
6890
9575
4005
4419
5248
5974
8214
3580
4758
6711
8528
2881
4745
6280
4708
5443
2926
6849
5895
8323
5376
4704
9699
9701
9702
3358
3371
6996
2659
3137
3992
7839
9563
2702
4032
5989
5863
8200
3004
6795
7108
8801
3823
8987
3669
4699
8548
6188
7725
8780
10020
4626
6700
7933
8636
2721
7366
6383
6292
8639
2662
3079
3481
3809
4866
8753
3408
9544
3469
6831
4081
5615
8290
6282
6354
8647
4798
2722
3406
6782
4626
6662
7934
4790
5631
2995
8497
4913
4948
4624
4628
4645
3060
5218
3456
5036
7988
4560
5001
7919
5562
7314
7516
4031
4258
4532
3161
5089
5726
7200
4108
4300
5955
4186
5043
6159
5046
6303
7394
2861
2880
3696
3026
4480
5055
6014
9047
2968
4880
8775
6787
8459
3295
9429
9025
2777
2877
4153
4697
3342
4795
5960
9736
5231
8295
4407
5896
7973
2783
10025
3696
4031
10238
2801
3881
7965
8932
7091
7213
6688
7001
2891
6546
8436
4018
6007
3651
3751
5767
6172
8034
8438
6619
8427
6459
6546
8535
2817
6646
8356
7240
8975
9046
9523
3359
4291
8391
8576
6189
6188
6189
7645
2845
3065
8177
5292
8145
9562
9950
3949
7152
3322
7836
8702
8988
9926
10113
7044
10031
2862
2880
3625
3730
3894
5765
7661
4800
7429
10286
2724
6123
3038
5275
8749
4842
6239
6709
10011
5999
4014
7962
8709
9504
3170
3408
7312
8090
8301
2735
2749
6570
8693
2865
7955
4735
5428
4742
6564
8801
2866
4505
7086
8650
8767
9759
2760
4029
7513
3997
6962
8327
3390
3468
5726
2835
6708
8066
2800
2833
8776
3485
6941
7066
5145
7162
4164
5760
10003
10008
2759
5730
2845
9102
7735
8658
8792
3016
6880
4877
8653
8714
4029
7515
9542
10036
3263
6513
5083
5224
2842
6908
8599
5035
6715
4760
6481
5062
5503
5710
3298
5463
3871
8286
2790
5716
4199
9219
5849
9156
3042
7601
4965
10040
8453
8839
9213
6182
4562
8778
3148
8693
8051
10278
3204
9561
9779
10080
4998
6256
8208
4586
6160
6583
6031
9049
6827
5027
6314
4646
6134
7161
6333
6422
8307
5731
5793
8754
5406
6366
8148
6413
6714
6719
3079
9544
3457
8569
10122
3051
9438
7022
7146
6824
8649
3617
5950
7417
2788
7494
8529
3017
4854
3379
6726
5069
6645
10044
4502
5735
9052
2797
3776
7339
5796
2797
3947
4514
2900
4060
3214
4479
6323
6328
2814
4193
3652
5735
7319
9560
4057
4508
5491
6597
6598
4697
7454
4635
4871
6419
3252
4884
5195
3023
10032
7329
3751
7318
7335
7184
4656
8505
3098
7574
8776
2954
8853
7877
8912
9175
9436
4894
8391
3589
3841
6981
8711
8154
8515
9786
4924
4947
6405
3151
3215
7328
2949
5881
4590
8504
2860
2865
6786
6881
6174
6920
2962
4728
5159
8940
3841
7275
7843
3433
5441
6555
7266
10041
2898
2904
8717
8725
3087
6651
10027
10142
5826
7551
7048
9971
6975
7828
10293
7926
10050
10051
3046
8139
9510
2931
3517
6790
6286
7803
5196
8762
6484
6769
6632
7550
4763
3431
7393
8928
2880
4236
2855
5453
4146
4961
4964
9412
3010
3014
7375
2997
3094
4017
6653
6855
4063
5106
7866
3741
6076
8464
9226
5569
6089
4061
5483
7257
6122
6630
9208
6781
4566
7743
2862
4268
2892
2965
3119
7479
5344
6290
6763
4208
8265
2876
2889
6636
2890
7849
3426
4904
7033
9035
4611
4688
8643
3068
4688
5620
5964
8228
4950
6779
7447
4950
5054
6613
6852
2887
3974
5123
8590
8621
4808
3727
9546
10132
3178
8095
8227
2890
3460
5413
8810
9173
3395
10118
3526
4744
5596
5599
6084
4527
6549
3625
5589
7845
6209
8781
6976
10291
2899
4551
7308
3421
10114
8811
9168
9694
6263
9680
9681
3821
5097
7339
3824
7155
2974
9730
3644
3053
9680
6576
7782
3559
4060
4514
6860
2908
2949
9943
2950
8128
3077
6621
9550
10054
2957
3919
4930
5057
10296
2914
2933
9480
6998
9477
8014
9358
9982
4082
2918
4801
7174
7455
10060
4967
6625
6874
10266
4969
5338
6737
3448
4989
6581
3274
4833
2972
6875
2927
3652
7228
7517
4565
4774
5981
7313
7402
5720
6713
3547
6621
10055
5182
6204
10038
8674
8770
6892
6931
7591
9474
10034
6998
10034
4858
5683
5685
6514
6517
4179
5392
6319
6388
8677
2964
3176
5676
7460
8214
7953
7979
8710
5219
8181
3796
7218
8809
3658
8520
8891
7958
7228
7900
9030
6119
7440
3798
7176
9727
2950
6265
5430
6557
2973
8426
6044
8060
3254
2988
7823
9803
5804
6703
4961
7437
9298
4607
4651
7226
3883
5587
4268
10242
3648
6819
6982
4593
3091
10237
5159
2984
4296
5516
3367
3369
5007
6661
4807
7667
8920
7173
7344
3473
6707
8898
3057
8419
6098
8435
9137
9731
6579
9558
9600
6668
9441
10226
3095
4827
7249
6415
7567
8828
7183
7415
7968
3343
6767
8972
6436
6720
3632
6480
7297
3251
3611
8621
3610
4678
4684
9538
6945
9557
3329
6629
3465
3669
5215
4678
5697
10194
6286
3853
5176
5195
5309
6989
8689
3121
3135
6917
8494
3000
6047
3072
3352
6010
8873
6410
7035
5517
6448
3104
4227
6068
8571
9063
9757
9760
3004
4162
9039
5050
8724
3007
4126
6889
3406
8260
9817
3784
4002
6884
6504
6505
6758
3018
6744
4724
5217
6880
4161
9224
3101
5193
6736
6950
5506
6877
6884
8002
3528
7057
8632
8407
8529
7219
7788
8891
10151
3942
4056
5724
7081
5013
5016
6384
7242
8670
8692
7044
9510
3949
6568
6329
6779
7425
8561
5514
6384
8670
4052
5719
6813
8561
5034
5541
6495
4807
4880
3848
8302
4926
6683
3071
6725
3334
4705
8543
9236
5376
8576
9832
3264
3106
3117
7603
3043
8853
6778
8090
8301
3081
6198
5243
5498
5792
8657
9202
8274
9890
3091
3176
3705
6233
3187
3714
4266
7221
3303
3439
3508
3100
9438
10064
10065
10066
8725
3278
3798
8631
9724
5005
8876
3997
4522
7267
8447
8696
10070
3066
8419
8755
3497
4129
3065
4624
4645
8300
8312
8329
5041
5160
6798
3127
8757
5401
6783
8419
4608
4651
8464
6517
6805
7360
7870
3134
3108
3262
3325
4831
6077
7245
7715
5243
5520
5524
4985
6569
3470
6124
8954
3516
4119
8026
8260
7597
9068
4726
4920
6805
3379
3622
6394
8673
8448
8984
4193
7949
3087
3088
7015
3114
3855
4979
6773
9797
3096
3574
4873
6887
10076
5074
8086
8875
3105
6587
8360
3480
5436
7833
3105
3574
6855
10028
4932
9220
4648
6381
6650
5449
6973
8842
3440
4734
8364
8596
9007
4650
6462
7367
8696
3245
8766
10083
3251
3613
7857
8622
4985
7470
7588
3118
8132
4605
3265
8198
9817
9820
5572
7501
8744
3124
6904
6978
5550
6907
3134
6642
3386
6187
7662
3314
3361
3128
6638
3355
5289
10308
6480
8033
8260
6212
8172
8234
6534
8354
9029
4985
6569
8844
4763
7960
6553
8704
9036
7566
8392
6215
6961
7253
3621
7385
3143
7196
3313
3318
6074
6869
5118
5253
5267
7079
8864
3629
4092
4540
3255
4632
4636
6656
6561
8693
8921
3155
3195
6928
8370
3251
3534
4603
6415
8921
3215
5259
7000
8997
5173
5259
8426
9730
4658
5887
7058
7222
9556
9917
3198
3213
6828
7031
7068
10053
3493
4061
7310
7349
3571
8975
3417
3483
3974
4669
5714
3563
9711
3378
3980
5134
6856
7221
7298
3480
3575
3990
5578
7175
5048
5336
6124
5363
6607
7310
3401
3404
3433
8609
3180
7136
8008
3174
6897
7053
7938
7936
10243
4873
8361
8797
3719
7935
9494
5581
5598
3511
3857
4711
3238
8998
9026
9964
5125
6463
6064
6988
7033
3814
4901
7261
9024
9496
10077
3227
9029
4909
7298
7386
7513
7514
7167
8599
8762
8825
3194
6487
6642
8663
8703
6595
6597
6853
3401
3433
4981
5424
4959
10089
3198
7596
8397
3971
5426
6843
8618
5377
5971
3458
3639
8827
3602
6764
8996
3418
4706
4711
6008
3891
5071
5558
4161
3206
9776
9777
4588
4958
3366
8678
3583
4362
7403
6271
9462
6796
7996
8429
8939
9112
7109
7264
3503
5409
5515
7227
3216
7573
8556
4540
5173
7328
5980
6436
8000
5145
8136
10078
4949
5338
6463
3918
5047
8648
8317
8786
3598
7206
8604
8443
9268
9297
5226
4950
6518
4289
7143
7172
6534
3771
3777
8773
3243
5888
4122
5962
8218
7505
3233
3240
5768
3239
3241
5357
4816
6891
7414
5995
7203
3843
5947
5951
6040
3283
6064
7685
3241
3507
7518
5408
3538
5312
6986
5885
6075
6571
8764
7109
10085
3544
8830
6815
8748
6917
8493
3526
7004
3377
5964
6958
5195
5534
5535
8071
9845
9659
9924
4538
7198
8598
4453
5686
7553
5015
8740
4900
5180
3623
7217
7443
3390
7646
8267
4542
4770
5184
9007
4918
7079
8864
3344
8814
3406
6782
9818
6569
8936
9029
4788
8165
9429
9842
8908
3489
5269
3403
5535
8025
3280
8119
3926
8651
5186
5366
7088
8963
6897
4455
5297
6356
6802
5037
5096
10088
5260
7801
7813
8974
5337
4181
5529
6020
4023
4182
10093
7033
3289
4419
4425
5293
9389
9882
7108
3432
7385
8739
4891
3510
7157
7851
7859
3383
8540
4159
9010
9437
10024
3463
7345
7443
8797
4476
8997
3817
6641
7844
9545
3829
7350
10286
7008
8590
4974
5008
6396
8412
8950
3664
3879
10097
8893
9555
10094
10167
4447
6804
7815
3469
8365
4512
4707
6682
3314
6382
8132
3562
8738
6094
7650
8702
9783
4636
8013
5097
3356
4744
3599
7336
7136
3346
5436
7100
7217
6828
7338
7357
7377
3619
9554
7790
3325
5306
5757
5393
6532
4891
5686
5815
7553
3631
4137
5943
6019
6631
7963
7964
8710
4428
10104
3338
3772
5990
7407
3540
5220
5312
3456
6460
9349
3336
3959
5626
7590
3634
4121
4828
3338
3772
4094
7921
7648
3546
5568
10108
6707
7020
10293
3403
4466
4921
9898
7501
7840
10239
4997
6645
6975
7020
9553
3475
3749
4255
4256
3828
7163
10177
3427
4711
3741
6076
8437
4555
6981
8204
7122
7125
8897
5370
6822
7106
8983
5221
6796
8194
5187
9725
6541
8926
7882
7324
9833
6797
6802
8943
3364
3365
5125
5513
6051
6113
7816
3367
3367
3368
6463
7817
8136
10080
4552
3369
5233
3490
5210
3420
5414
8216
3526
7004
7499
4603
5311
7378
7515
7868
5716
5755
3392
6197
5276
6678
6861
5100
7253
3401
3415
8649
9487
4244
9552
10115
3989
8892
5924
6103
6242
3505
5483
7794
9553
10044
10047
4150
7272
9748
9749
9721
3391
3397
6242
3746
5097
8987
5600
6197
6684
7277
10119
3470
4270
7294
5651
6732
3595
5460
3996
4088
7884
4000
4698
5063
5064
8814
3447
5441
7312
3637
7652
8030
7348
7475
10135
3415
9933
4111
5546
3415
7011
9482
9934
3933
9637
4533
7507
7526
3943
8690
3494
7379
3416
7011
9487
5386
3857
7860
6941
7311
7393
5930
7124
3537
9552
4112
4158
3750
7838
3641
6063
4159
5987
3502
4269
4290
3888
3891
4706
5126
7387
5202
3621
3455
4994
7672
6860
7211
3525
4465
8346
3610
4800
9538
6932
7325
6756
6817
8956
7733
4050
8775
4807
7005
7460
3944
6067
7656
3619
7404
7660
4281
7923
8201
5411
5355
7439
7744
5601
7349
4776
5601
3636
7139
5363
5492
7528
4521
7524
9352
7325
10124
3464
7415
8262
3471
4557
5381
6663
6736
7449
9220
8445
3804
9526
9570
5409
8827
3472
3501
3534
8581
8074
8099
8790
7046
7646
7811
6866
8271
3478
4109
4555
3505
3786
6844
6976
8425
8846
8852
3993
3500
7012
10207
4638
7816
6113
5769
7024
7050
7099
8476
7312
9010
4057
4171
5510
7019
7095
7236
3489
5065
7311
3957
6863
8917
8818
3843
4903
5408
7102
5269
9963
7099
9961
3549
3697
5528
4131
5400
7322
7409
7411
3547
8320
9550
10056
4775
6839
3813
5544
5549
10285
4130
4117
7009
3505
4530
5359
6008
3746
7339
4365
4404
3776
4703
8548
4903
7416
4873
6756
8793
5058
6599
8348
9442
3800
5068
5109
6509
5133
10131
3806
5907
6271
5065
5210
7311
8928
3519
8995
9001
10056
10275
4112
5308
5609
8364
8999
3654
4503
9812
7421
7637
7638
7674
3656
9551
5771
7734
3530
7683
7902
5900
3530
3531
4862
5487
7389
7779
8634
3536
3536
4448
6870
3579
7113
9417
3535
7038
5233
7901
4672
9552
10116
3539
3540
6991
3543
3837
3543
5133
5569
10128
3750
7661
8962
7119
8227
3877
4087
8433
4026
4789
10109
9550
3809
4989
7919
3690
6088
5153
6518
6742
7427
5006
6859
4140
7003
7172
3561
7377
8687
5992
7511
7269
9549
9637
9653
3922
7473
10132
6284
7096
8687
4364
3940
7547
7622
7653
6284
3568
6732
7256
7392
3747
5973
4815
10282
6744
8687
8850
5013
5091
8877
3572
5698
6749
6997
4275
7047
9916
4182
9548
10095
8914
9343
8955
3957
7021
7132
3752
5264
5366
7491
3582
7176
8963
7097
8895
5465
7718
6266
9061
9272
3584
9727
10307
4457
7287
7674
3586
9723
3808
9725
10307
10309
7181
8316
8435
3590
3790
7478
7711
8204
8977
5988
7481
8836
3702
3727
10133
7827
8191
8238
5441
6941
7393
3955
3984
5645
7190
9439
10139
4226
5400
5941
3613
5123
7363
7189
7230
8818
3635
5336
4020
5698
6669
10143
6879
7306
6729
6755
7037
7031
10278
6563
6986
7061
6750
6994
9358
9513
4191
3612
5088
4678
7429
4603
6953
3923
4071
5512
7278
9618
6829
7273
9860
9052
7872
9547
9554
9813
7470
7512
7937
7390
5003
7253
5436
8476
3751
7498
3739
3910
4071
5782
3900
7376
9600
9947
4523
8723
3690
3697
4165
4879
7863
3633
5426
6843
5658
6911
3898
5601
4795
7174
7453
6353
7223
3810
5463
5614
10109
10134
3905
5139
7084
3645
5538
9976
3815
8331
9977
4441
6641
7815
9739
6749
6995
7183
9050
7125
7439
8873
3660
9043
4258
7647
4481
7280
7283
10152
8428
9551
9823
4022
5304
7191
3659
4642
5996
8966
4192
4413
5303
8824
4382
6250
7101
4442
7009
10098
8909
9176
9178
6701
7877
9176
7380
7420
4436
7147
7975
4434
6836
8462
8508
10316
5329
5955
3692
5252
10173
8213
3683
7922
4701
4773
5813
4687
8185
4629
4103
7195
5508
5571
8152
4551
3913
6701
7939
4297
5669
8212
8047
8048
10153
5422
6795
6908
8194
4261
8315
6485
10169
9041
10173
7274
7605
7606
3699
4268
7845
9300
7412
7584
9503
4268
3990
4189
4267
5578
3710
4860
7730
4232
4482
9984
4026
9541
3710
10159
5675
5927
7727
4285
4549
4148
7569
4682
3720
10160
3753
7522
8952
3847
3849
7672
3874
7580
3717
4158
7673
4148
4112
4910
4746
8338
10268
3721
10161
3904
7752
3732
3742
4242
7502
4595
6592
8644
9546
4237
5738
7598
8859
5531
8893
10164
3732
3739
5204
6237
7693
9672
4236
5397
5656
7713
7238
7874
5801
5822
5364
7153
7759
8572
7554
7582
7758
4835
4844
5803
3742
5738
4068
5206
5237
5584
4237
4254
5477
7832
9516
10170
8827
5488
4256
4276
7681
4254
7275
3894
3921
3771
5257
9022
7085
5767
8946
4082
4579
4890
3787
5983
7876
9618
3818
5149
7499
3763
5106
5486
7749
7499
7504
3764
5077
5380
4928
5945
7908
5492
6607
3972
5149
7004
4887
6963
4069
7714
4499
7895
8353
3774
3841
4109
6981
7074
4018
7145
3794
7677
4475
5503
3947
6776
8787
6066
7628
7653
4016
4017
6752
5514
8684
7000
3882
5750
5771
6877
7482
9711
5310
7110
7301
8989
3861
5162
5982
4007
8880
8993
4711
4716
4756
6063
4064
9002
5410
7651
4260
5577
7493
7530
4023
8859
8893
3799
5477
3796
7218
7265
3869
7417
7900
9052
5260
7178
4109
4716
3809
3858
4868
7541
7148
9041
10174
4201
9705
7230
8809
4537
5597
4533
5907
5563
5748
5935
7468
5355
7089
5313
5782
3910
7395
5480
4720
7482
9114
9116
9117
3842
3879
7815
5566
7490
6780
7531
4267
5348
4280
5378
6013
7947
7207
6812
8740
3826
3830
7698
4292
8574
4280
4554
7419
8157
10178
7321
9623
4307
7545
5434
5588
7344
3882
7441
9706
5462
7652
3884
3948
6954
3839
9401
9719
9398
4152
5421
6559
9545
10097
6173
3858
7395
7468
7945
4996
6829
6905
7093
7555
7909
5055
5258
5640
8242
5319
7002
6135
6136
6680
4154
6594
8703
5034
6466
9676
4352
5345
5972
7882
7451
5591
8847
10140
10141
9544
9932
9933
6162
9178
4861
4571
4855
6351
5371
7193
5102
6667
7866
7933
4098
6665
4297
4298
8212
7722
7727
8794
7276
8040
5631
3881
8932
5927
8046
4448
4653
4767
8416
7928
6030
7428
6520
4890
7732
10247
10248
5611
7287
7570
3889
4408
3890
7300
3891
7302
8450
9543
4767
5653
7948
6144
5377
5473
4299
6489
8084
5372
5674
7310
7349
3937
4780
7778
6507
7953
3912
6507
6781
6540
7442
7682
4039
4418
4953
4790
4716
4988
4465
7683
4307
7699
6676
5035
5615
6715
7736
8835
4939
4429
6903
7969
5354
8010
10220
6984
8890
9094
4582
4899
8104
5046
8714
7434
7437
7793
5430
6112
7838
10131
7384
7309
4343
5850
9846
5891
8651
9799
4528
7299
10274
6112
6558
6635
5169
5695
9460
5138
9460
3941
7693
7372
9638
3936
5356
9125
5580
7194
7305
6754
9305
7858
8970
5944
6029
10183
6039
5334
5356
4131
6899
7151
9726
7847
6858
7093
7205
5396
7547
7622
7229
7284
7307
8707
4980
6643
4609
4633
4709
4086
4141
8345
4630
4709
8323
8491
8931
5406
5837
7604
3957
3990
7017
7146
3986
4159
5987
7940
7321
7350
7161
7164
7746
7771
4427
5838
6395
3966
3967
7770
4271
6190
6190
7763
5893
7197
8328
3975
6306
8050
8699
8092
8354
5435
7427
8862
9557
9804
4257
6296
4485
7541
4239
4821
6858
5291
6379
8591
8602
5257
7074
5735
7228
9052
6579
8417
9945
3988
6202
4285
8222
5474
7448
4828
6007
4904
5113
3991
6208
8221
6202
6362
4008
10189
8678
3998
4338
4054
7995
7998
5166
4009
4468
5466
6362
8221
4006
4869
8224
4684
10193
5736
7504
7482
4341
7512
8270
7265
7269
9638
7269
5488
8325
4529
5733
5192
10190
6865
7267
6679
6682
8298
4174
9502
10198
5157
5351
4524
6575
9542
4041
5078
4016
4017
7410
4273
8269
6073
7221
7672
7410
8340
4461
5987
6007
8210
4679
6022
5742
10094
4033
4190
5393
4671
8872
8892
9541
10134
4079
4137
4425
9495
10238
10240
9213
9119
9241
5744
6767
4828
5655
5434
7077
7129
4467
4836
4975
8288
9722
7786
9718
9721
5953
4860
8826
5787
7368
4773
7140
7864
8015
6024
4049
7748
7996
8429
4599
4053
4484
7466
9688
5427
5566
7435
10196
8302
4478
8310
4084
4131
6777
7074
8206
8347
10202
6899
7025
9461
9467
7749
8411
4999
5988
7304
6956
7726
10159
4322
7893
8729
8146
4936
4178
4263
8992
9005
9005
9799
5225
7120
7921
4501
7941
9880
9881
4079
5712
4840
5035
4772
5235
5372
7581
4443
5501
7413
10208
4097
5493
8934
5501
9363
10209
10210
4395
6940
7464
4858
6948
4523
7185
4118
5956
4614
7120
6764
7209
8604
5995
6631
7869
6283
6298
4853
8456
6036
7329
7547
6586
4139
5400
5209
5216
5631
4118
4943
7363
4999
4402
7276
7315
6716
8297
4118
5504
7398
7863
4113
4114
4832
4910
4115
4158
7673
4299
6674
8658
6972
7423
5416
6960
4128
4866
8753
8834
5655
7826
5930
4977
5469
6964
7819
6599
7578
5922
9939
6876
9707
6022
9075
4140
6504
6758
4879
7863
8275
7081
4135
4677
4679
6956
4220
4223
8848
4137
4208
6761
5712
7523
7832
5941
8834
4164
10008
4648
7762
7327
4412
7676
4163
6076
9303
7231
7718
4164
5493
5495
6464
7267
6775
7083
7882
6419
6737
6853
5733
6010
7459
4234
6985
7822
7825
6297
7670
4780
7578
7682
7076
9222
4163
8940
5050
8437
8226
7110
4168
4170
4172
5563
7430
7637
4172
4554
5490
7419
7901
4402
8484
5192
9540
7742
4331
7746
7792
5781
8021
8453
4425
8226
5742
9572
7767
7992
9998
6858
7047
4265
4325
4400
4240
4318
4319
7452
5068
5855
6083
5273
5348
6024
4195
5589
7845
4951
10303
8015
4214
4649
8845
8285
9291
6754
9275
9305
9382
6316
8251
4199
4405
7513
9609
4204
4206
10212
4212
7666
5586
8190
5049
6592
7737
7655
7663
7702
4674
4767
7948
4212
7617
10213
4309
6156
4566
4867
5924
6344
9027
4212
10212
10214
9526
4859
5332
5813
5501
5717
7847
4275
7047
4218
6985
4229
5745
7114
5576
5582
8199
8845
7450
4226
7507
4359
5020
4605
4278
4517
4734
6827
8747
9912
7569
4294
5296
8410
4234
4235
7420
5665
9985
5350
5379
8550
4570
4260
7502
8870
6135
8688
7207
5677
4439
5680
7867
8870
4324
8038
10224
4248
5431
5433
5247
5806
5808
5268
5394
7713
7350
4340
7511
8914
4276
7418
7832
4371
6754
10220
7989
8038
7677
7681
4470
7678
7831
4277
7678
6168
4263
5744
4717
5553
6371
4389
4568
4532
8254
8922
4359
6086
8848
4909
4315
7017
7121
5472
7854
4783
5302
7400
6307
7791
7808
7820
7358
4279
7150
4279
6834
9864
10245
7684
4921
9845
8519
8205
9993
5907
6271
8915
4639
6189
6125
9547
9006
4295
4663
9832
9833
7545
7741
8707
8522
4302
6059
6347
7755
8511
6260
8915
9419
4323
6489
8444
9277
9858
5867
6530
4347
8489
8444
8455
9273
5146
6244
5222
7892
8336
8731
4317
7710
4348
7451
7865
4458
5499
5786
5578
7021
5983
7710
7458
10154
7722
10155
6059
6301
7761
4559
5777
6301
7742
7750
4359
6157
4691
5358
10217
4335
4339
7747
7763
7770
8041
6142
7559
7876
5672
7848
9520
9912
6338
8735
10230
4602
5916
9936
7747
8173
5691
7763
8041
8069
5468
8250
4545
5689
8452
6921
7731
7855
4348
4885
5440
9453
9347
9371
8147
9564
9498
9512
10223
4391
4464
6309
5623
5827
6201
5291
7452
4390
4660
5255
6180
7558
4829
6181
7582
4547
8736
4834
6698
10250
6208
7581
4714
5657
6435
10259
5617
8290
4859
5466
5489
5537
10229
7365
8946
4369
5473
5446
6227
6255
6433
4369
4404
8993
6177
10236
4373
7231
5076
5354
5358
7542
10218
7670
4655
4761
5923
6574
6604
7169
5086
6554
9443
4401
4408
4452
4496
5190
5934
6307
8083
5454
4411
5794
5212
4488
8235
5986
7710
5584
7970
5398
5456
5688
7777
8925
6316
6390
4393
5121
8004
9000
4791
5708
6128
9190
5500
5786
5791
5998
8189
4454
5043
5696
4404
8040
7422
7141
8634
5295
5360
6841
5824
5892
6251
7300
5538
5860
4427
5109
5855
8291
7843
4416
4421
9870
10192
10193
4424
4953
7270
7840
10240
6628
4901
6151
7261
4423
7730
4520
6363
6374
8118
4424
4924
9507
5167
6427
10105
8889
7643
4433
7544
7805
6214
9671
7633
7643
5976
7276
7787
4446
4463
5147
6857
7809
9709
9711
5232
7704
4447
6584
4448
10100
4455
6924
7081
8140
9539
8777
9040
10248
4456
5234
6804
7844
7422
4595
7105
8073
5288
6201
8772
4615
5019
7080
8287
8993
5330
4501
7470
7512
7941
5991
7386
7896
6543
7937
4469
8287
8487
8489
9856
7576
4921
5535
4546
5234
8327
10041
5141
7665
7676
4939
8442
9827
4544
5687
5953
4478
9736
4867
8363
9088
9105
4652
5530
5734
7715
5464
5871
4480
5604
4484
7660
9813
7592
9987
4489
4503
6475
4489
7364
10252
4595
6185
5969
8236
8937
4494
4753
4660
8282
8409
6449
7402
7517
5880
8505
8589
8031
9850
5516
7293
7092
9901
9905
4500
7649
7785
7651
4779
4858
4753
7663
4843
5389
8605
6134
8635
4745
5723
6332
7032
4923
5950
6073
6092
5295
5360
6840
8868
6424
4604
5731
6574
8901
8973
4517
7861
5399
6427
6942
5167
6083
6395
4542
4523
4811
9542
10037
10274
5770
9518
9886
4771
6967
6535
9646
5182
10037
6010
8897
4534
5281
4839
6080
9095
7500
4537
5483
7257
8103
9646
4811
6453
6465
4539
5475
8499
7526
5166
8283
6363
6412
5209
6241
6262
5230
8685
5542
6491
6811
8564
8222
4551
5766
6178
7917
7889
6184
5010
6109
6118
5766
5682
6176
4845
6222
7123
7945
8404
6354
8117
5682
6646
4811
4818
8719
4676
9104
7768
9498
9744
10224
4930
7380
8217
4576
8206
10203
4574
4925
6070
8307
4585
5890
6498
5117
10256
5657
5660
10260
5636
6049
6711
5835
6444
6456
5794
7067
9905
5977
8001
4593
6466
6495
5061
6339
4681
5852
6315
8524
6590
7738
8373
8555
5969
6366
8937
6252
6440
8463
8647
5011
5654
5959
8070
8161
8230
4600
4676
4608
4619
7995
5923
6859
4614
7982
8404
4608
4621
8939
4630
9713
4611
4619
4650
6462
4621
8517
5288
9848
9851
8403
9004
4727
5696
6176
6644
6097
8022
8726
8816
4621
6310
5781
8783
8808
8006
8312
8881
9847
4642
6963
8385
8549
6074
8013
5622
5625
4662
9713
9715
4635
8013
7800
9716
4894
8778
6656
4637
4949
7378
6051
5645
7796
4641
9828
9827
5996
8158
8507
4645
4647
5981
6321
6722
5813
8116
5280
5502
4701
5011
8116
6409
9377
9629
4659
4741
5853
7856
8332
6351
5860
8293
9768
4889
9714
9717
7317
9830
6455
10184
7796
8113
4671
8417
9345
9946
4993
8510
5659
7159
5775
5814
7856
7323
10265
6969
8506
4773
4700
6009
4700
4690
5529
7726
10288
4690
5102
5105
6616
6702
8019
4741
8589
5877
10194
4914
7930
10011
4842
4958
8240
5999
6787
5809
7448
4712
5140
10216
4700
6234
8619
9529
4750
7619
8314
4737
6050
6490
4969
5877
10195
7202
7975
6472
4767
6135
6608
6680
8655
4705
5515
9698
7227
4756
6679
6330
5351
7705
7542
8442
5136
8085
10216
5660
10261
5232
7704
4757
6733
8517
7916
8856
4901
6153
5274
8630
5141
5373
4731
4733
5670
7333
7375
5820
7957
6085
6317
6901
8170
7794
4738
8212
6050
8297
4740
5146
6424
5405
5807
6011
9830
5832
4740
5669
6029
10184
8350
6606
5229
5594
6476
6492
4755
10269
4824
6402
8400
4749
8759
9683
9685
8615
8751
6211
7157
7851
8232
5229
5583
5637
7285
4954
6211
8338
10270
4757
5558
8320
8669
10273
6045
5926
8333
4955
9111
5994
8375
8871
5708
6765
5106
5418
10279
4773
5813
6102
6623
4923
7876
5028
5868
6458
4809
6633
9293
4777
9002
4784
7316
5646
6443
9875
8210
8269
5681
6942
5865
8091
9319
4834
5175
5439
7711
9002
5988
7384
7978
4809
6633
7954
8549
4789
5568
10110
7332
9426
10111
5398
7700
6723
7814
6127
8500
5033
6062
4801
6825
4815
7632
10283
4803
7885
6539
9768
6267
7766
7771
8039
10289
7137
7241
7352
9968
6663
7337
9302
7849
6252
7765
6280
8295
9086
7561
7692
8255
7477
4814
4970
5862
8356
6340
8656
10284
6087
7405
5422
7600
8603
6453
7048
6595
6852
5719
6850
6892
6932
10125
5406
8148
4856
4897
5079
5083
6908
4829
5316
6181
5175
5439
6651
6888
6010
10266
5816
7767
7994
9537
6088
10231
5306
8780
9019
10021
8057
5425
7529
5920
7029
4878
5677
8481
6748
5920
6218
6122
6789
7036
8278
6665
6666
6437
7627
4882
6762
8637
4898
10011
10013
7428
8991
6182
6670
5906
4866
7002
4868
5280
7002
6013
9069
4871
6853
5271
7711
7087
8111
8706
4900
9508
4881
8623
5712
6149
6475
6166
4972
7859
5711
8635
5176
8527
4887
8520
8867
8396
5153
6215
6529
10261
4899
5650
5216
8294
7837
7916
6646
8576
4912
6094
6095
6512
4972
5980
5685
5937
7732
7433
4905
8564
7496
6323
6811
8562
9434
5028
5868
6823
8952
9015
6198
8853
4913
4951
7728
4986
4958
5159
5758
7294
6510
5970
7690
8646
8595
6592
8557
8676
6967
6686
4929
8727
4929
5965
8720
6762
6837
7961
7828
10294
5193
6741
8099
6978
4936
7801
7802
8896
8900
4938
6013
7719
5747
8159
4940
8085
4942
9080
7279
9072
7297
7336
6757
7487
7366
4973
4979
6773
7799
5143
8009
10316
5339
4962
4963
6079
7927
6207
6401
5746
9898
6705
8715
7823
9536
7961
7961
4964
4971
7961
7266
10042
5426
6480
8033
6624
10244
4982
6572
7118
8310
8656
5067
5072
8169
6471
5230
7007
7087
6407
7818
4990
5772
6411
5112
8494
8606
5177
6790
8674
4994
5299
5305
7577
5201
7062
7921
6003
6447
4995
8849
7641
5182
6398
7614
6092
5772
5883
8845
5174
9603
5066
8178
8128
9002
5004
5739
8598
6960
7920
7118
8674
6068
8509
5096
6947
8017
7917
6414
6524
6553
6642
8703
8798
5170
5772
5905
6655
7875
8738
9564
9943
8790
6696
8857
5020
5817
6061
6317
5038
5090
5246
6652
5023
8581
8910
7123
7974
7045
7052
6070
9331
9341
10051
6134
7374
5056
9996
9999
5835
6440
6456
5051
5161
9751
8277
9535
9775
5548
5039
7987
8155
8163
5040
5817
6157
8889
6159
6244
7259
5051
5093
9801
5062
8399
8525
7397
5081
8714
6212
8089
7108
8501
6478
7712
8775
5701
5702
6852
6475
5075
5084
5547
7065
10299
5991
6578
5070
7927
9074
6352
7165
5696
5709
5709
6156
8812
9787
8515
9784
5269
6782
5070
7927
6509
6980
10045
8421
6953
7716
7016
6887
7249
5285
6903
7781
9534
9999
5356
6754
5105
5106
6837
7368
9504
6795
6798
8724
7183
8262
9050
6556
6772
6913
5196
6798
9534
8085
9825
9828
6375
9514
8774
5266
5651
6565
7159
5802
6927
6866
6115
8552
9533
6284
5179
5496
5139
8882
8169
9532
6909
8882
5108
6837
8640
7987
10104
10107
8552
10245
5395
9729
5838
5135
6904
5161
6727
9755
9937
7993
5818
6519
8929
9809
9888
6104
6278
5763
9531
5344
6763
6367
9530
5246
5802
6970
9274
9854
9857
8622
5128
5190
10001
5226
5359
6008
5593
5964
6861
9028
5129
9986
10000
10001
5238
7224
7521
9254
9255
9257
5134
5603
8819
8833
6821
5140
9828
5361
8294
5891
9457
9459
5238
8442
5164
6053
5147
5234
5481
10317
9024
10081
6301
7761
5164
6001
7911
7490
5258
6341
7911
5259
5391
5315
5155
8121
5156
5157
5162
5982
8121
5162
6900
5365
9801
5774
6771
8399
5373
5391
5173
7884
5855
8475
5366
5368
7263
9022
7115
9458
5172
9567
8053
8840
9011
7758
5262
5424
8950
6200
8558
5875
9132
5262
5309
7383
5804
8641
9469
8627
9474
9480
7609
8826
10304
5367
5368
10309
10311
5190
8031
10001
10002
5253
5344
5485
8461
5284
6165
9529
9852
9540
10199
6739
5204
6237
7694
5944
5224
7163
8157
10179
5341
5405
8465
5250
6237
7538
5206
5228
8152
8168
10179
8584
9631
9632
9634
8164
9632
9633
6146
5656
7315
8484
7538
7694
8503
7163
5848
6439
6983
7803
6299
6365
6255
6365
6223
5281
7229
8503
7225
7967
7117
5277
8729
8503
7043
7980
6259
8046
8794
5237
7740
5559
5234
8559
7918
6208
8558
5565
7314
7688
6002
5244
5455
8032
7594
8788
5244
7552
7554
8112
5527
6705
8163
6692
5498
6090
5969
6516
5341
7740
8821
8913
5251
9632
9633
9670
9672
8945
9096
7098
7111
8895
5345
7701
9106
9249
5264
5404
7097
5707
7705
5856
5870
7111
5370
5374
7106
9417
5968
6311
7756
7729
5639
6724
5277
5282
9006
6958
8840
5705
6921
8088
10222
8440
9344
9829
10222
8363
7014
5705
6326
5621
7808
5286
9849
9850
8875
8625
9529
6460
9349
8461
10310
8601
5677
9562
5322
7411
5776
6545
8679
6026
6522
6433
7095
7326
8942
8961
9015
9599
9865
8771
7018
5644
7976
5318
7759
5537
7838
7119
8886
6738
7208
5333
7302
9005
9799
5441
6941
8959
6525
6742
8675
6483
7991
5729
8381
10312
5647
7563
5421
8433
8835
7107
9415
9417
7128
9528
10309
10311
5362
5858
7593
5628
8004
8854
5329
5955
6139
5643
6249
5812
5622
8911
7059
7208
7640
7657
7038
8989
5661
7793
8159
5396
7336
5444
5640
8242
5518
8712
6152
10271
8315
5509
5510
5511
7281
8134
7170
10218
5737
6511
5929
9758
10026
9018
9960
7085
8963
10310
5389
8097
8613
8895
7179
7265
9639
5375
8547
7290
9416
5674
6856
6923
5929
8315
5395
5486
9706
8096
8769
8096
8573
5674
5510
7294
5869
5870
5875
5390
5803
9895
5390
5425
8097
5404
7806
8059
6479
7787
5517
5805
7297
5671
5752
7636
7191
8177
7960
7363
9367
7884
6457
5561
6330
9807
8249
5573
7497
7900
6003
8999
9001
6968
5962
6996
8017
5593
8092
8804
9028
5968
7022
7165
8956
5486
5517
8820
9922
5543
8795
7820
8083
7321
9624
8649
5803
5736
5801
6190
6267
8250
5905
7173
5442
8251
8253
7344
7474
9921
9922
7490
7616
7655
9527
9814
6272
8253
6735
6272
8063
9807
5485
5484
5915
8929
9810
5447
6334
5452
6371
5452
8394
8550
6098
8435
5459
7387
9421
6032
5569
10129
5455
7697
7496
8970
5645
6210
8113
7824
7089
7356
7050
7358
9821
6925
6985
7822
5688
8447
8734
8755
6939
5481
8009
10219
5758
8962
6757
5597
5686
7527
5502
5530
6675
7951
8148
5544
7634
10147
5530
5505
8224
6031
5624
5685
5721
6298
6527
9899
5760
6276
5749
5875
5889
8546
5718
5500
8187
8189
7056
5687
5700
6834
6845
6043
6334
6876
6889
7142
5508
9619
9619
7000
7339
7487
8190
5579
6183
5792
5884
5576
5919
5961
6783
6965
8810
9173
8916
5836
6115
6992
7451
7776
6088
5700
5533
5554
5605
6152
7709
8888
8893
10165
6533
7345
8692
8699
5609
7271
8243
5542
8432
9402
9414
5727
6490
5556
5590
8769
9928
6454
5613
5842
5556
5582
8336
5553
6299
6227
6365
5583
5637
9413
8736
5576
5590
5591
5706
8141
9930
10255
5565
7139
7902
5936
7463
7309
10192
5932
8142
9809
10110
10130
7469
7826
8855
7348
7349
5618
7651
5602
7135
5577
7493
7515
9006
6423
8082
6889
7023
8095
8804
5590
8860
5591
8146
5586
8190
7524
8796
7156
7286
7595
5908
8711
8716
8977
6843
6684
5607
9314
5607
8273
5620
8209
5901
6107
7407
10128
10131
6155
7986
6545
8141
6120
6434
6108
9526
10213
10215
5933
7298
5613
6011
5837
7348
5617
5651
5659
7159
7530
7897
5663
7737
9028
8289
6654
8611
8949
7540
8220
8815
8906
5638
5639
8457
8680
5648
5632
5648
5644
7405
9150
9574
8294
7873
6152
10270
5649
8801
9140
5648
6443
7602
6137
5726
9025
5810
6411
5667
7787
9319
10262
5681
7826
5714
10263
5807
7740
5798
6541
8931
6770
7251
9774
5666
9530
9643
7484
7904
8554
9568
6001
7580
10235
10235
8591
8242
8512
6305
8081
6327
7469
8356
5735
9049
5701
6200
7773
5760
8202
7830
8032
6391
8202
10005
8947
8059
7097
7435
6936
10144
7073
10144
10146
5701
8283
6243
8284
9013
8731
7353
8530
7401
8530
8330
5710
6042
6421
6428
7789
5726
7046
7704
5730
7807
9363
8578
6236
6039
7254
5727
7074
7103
7166
5832
8865
10313
10058
5829
5859
8388
8904
7173
7435
9700
7351
8496
6062
8277
6432
6943
7598
10096
6530
8376
7540
6530
8990
6013
9079
5889
5847
7684
5754
8205
7633
5895
6027
6468
9525
9994
5756
7346
7474
10058
7444
8346
5765
7661
7463
10004
6470
9531
10257
5770
9531
10258
5776
9887
10258
7308
7534
9823
10225
9887
6784
7684
8116
5776
9886
5795
5814
6054
9013
5780
6477
6406
8449
6319
8575
7006
8433
8282
8585
5786
7776
8783
8299
8538
8688
6035
7748
6144
8970
5996
7748
6368
8323
8931
6035
5796
5797
5917
5887
7058
5798
5798
6655
7875
6220
6918
8406
5846
6360
6383
7767
6448
5830
6090
6022
8084
8416
6550
8916
5853
6137
7519
8233
5998
8187
8372
6484
8823
6409
8401
6366
6648
6675
5846
5892
5824
6002
6360
5846
7878
5834
8772
6040
8060
5830
5833
8949
8451
9085
5851
8774
5839
5839
8772
5839
5874
9533
5842
6506
9359
10142
8478
7462
7465
5859
8757
5940
6030
9129
9155
9993
8061
8422
5859
5887
5921
6652
8817
5878
5858
9524
9867
10026
8659
8981
6082
6887
6973
7969
5867
5866
8091
9318
9978
5866
9316
6434
9314
6867
5889
7050
7054
7258
5918
6456
8466
6002
7599
8559
10196
5889
7842
9739
8332
9940
9988
7957
8785
8785
5888
5898
8350
8589
6270
6848
9042
6110
7608
8477
8490
6274
8491
7880
9733
6256
6358
7528
6704
7336
5958
8745
9520
5907
6557
7605
10172
8976
10188
7240
9046
6372
7431
5912
9522
8432
9522
9878
6254
9148
9573
9575
9149
9573
6043
8035
8754
6324
8161
6222
6348
6637
8431
6327
9047
6005
6677
8470
9304
9868
9869
6894
7686
6259
7145
5938
5958
6659
8216
6815
9810
6856
7570
5939
5972
6937
8745
10026
6046
8894
6148
7888
7861
5950
7417
7907
10185
7754
7907
5948
9954
5957
9521
8528
9468
9955
5952
9955
5952
5957
8283
6347
9954
8231
9758
5961
8229
9914
8656
5966
7461
9520
9741
10187
7974
8581
8371
8463
5980
6417
8192
7720
7188
6654
7611
8232
8397
6458
7559
5986
7898
7915
6543
7484
7145
7481
7309
8351
7514
8234
8292
8396
6023
6952
10148
8637
6451
8018
8153
7920
8154
8507
6102
6109
8269
7860
6444
9045
6457
6081
6082
8105
6253
6441
6071
6990
8467
6511
6841
9515
6785
7082
7869
6118
6272
6025
9449
9450
6952
7192
8377
8903
8948
6083
6847
6031
9000
10186
6148
7441
6046
8394
8885
8485
8568
9194
6906
6912
9263
8783
6039
6968
7878
7970
8266
6300
6339
6273
8885
6481
6665
6273
6481
6666
8278
6052
7036
8278
6498
6455
6481
9012
6300
9017
6058
6175
7171
8557
7752
6196
7212
6919
8644
6090
8289
8949
6467
6356
6071
6603
7623
7150
7418
8496
6794
9247
9248
6425
7882
6089
6724
8220
7795
6506
6751
9698
9083
7976
7998
9113
6098
8100
6098
6393
7591
8849
7382
8578
6484
7672
6132
7154
8080
6513
8534
7644
8689
8022
8646
8941
6303
6461
6744
7219
8760
8167
8484
6112
6254
6103
6627
6718
6147
6133
6154
6644
6141
7496
8970
6476
6684
6541
8662
8380
8627
8968
6124
6416
6821
6230
6225
8593
10001
8883
6753
9976
6125
8971
6289
6455
9978
8330
8369
7694
7731
8088
6774
7086
6191
6314
7545
7948
7757
6144
7416
8146
7706
8336
8731
7532
7521
6246
8152
6154
6191
7182
8720
6296
6306
8081
6153
7427
6173
6226
6159
6159
8611
8614
6337
6617
6702
8207
10027
6532
10231
6171
6497
9647
9648
8769
9929
8031
8042
6192
8623
6497
8537
8044
9641
6648
8245
6469
9644
9646
8103
9647
6231
6494
6792
6179
6670
6832
10235
6184
8924
6182
8676
6520
7307
8075
8459
8712
8204
6281
8374
9141
9156
9157
7764
8324
7724
7830
6670
6194
8049
9984
7580
9539
9990
7614
6613
7733
7753
8735
8799
9884
6471
7462
8735
8075
8076
6907
6775
7641
8758
6224
9633
7624
7639
9064
9878
6553
8921
6324
8566
8610
8614
7879
8420
6693
7862
9936
9361
9672
9983
9986
6231
8723
6371
7264
9684
10082
10086
9519
9957
6992
7509
6257
8072
8619
10268
6472
6604
6658
6586
6673
7930
6332
9120
9361
6240
6580
6673
10010
6467
6718
6451
6446
9781
6457
7951
8148
6294
6305
8579
7194
7305
8002
6558
8068
8601
8795
6261
8519
6488
6576
9559
9679
6442
6479
6361
8815
8914
7854
6377
6612
8930
8968
8039
8250
8662
8514
8883
6275
6468
6432
6283
6298
6408
9033
9037
6920
8400
7972
8151
6291
6412
8117
8345
8960
6385
8803
9501
6297
7268
9040
9528
6630
8595
6363
6408
8395
6302
8142
9518
6355
8837
8075
8756
9034
10250
8079
6379
8078
6556
8497
8668
6350
7990
7995
7762
6551
6622
6712
6761
7373
7489
8650
6591
7594
8021
8575
6321
7196
6854
6485
6999
9516
10171
7894
9044
7706
8196
8304
7424
8748
6333
8106
6433
8885
8664
9517
6340
6339
9017
8799
9883
6697
8303
8441
6376
8930
9480
6345
6674
10017
9170
9321
9323
6376
6878
10066
6450
6370
7223
6370
6581
7685
8764
7707
9366
10069
8068
6420
6423
8465
8128
8220
6369
6408
9530
8926
6374
7003
6655
6890
8887
9594
6408
6554
8480
9761
6377
10065
6378
6871
10064
10065
6387
6512
8864
6722
6772
9805
10083
8352
6987
8064
9500
6391
8202
8203
6989
7756
6510
6390
6391
6404
8344
6404
6545
8235
6395
6426
6506
6726
8510
6815
8748
6400
6471
8770
6400
6407
6964
6401
6914
8378
8398
6794
9243
9244
7010
7029
9468
6428
6429
6471
6529
7639
7816
7851
8397
6419
6595
6853
6422
7951
6429
8106
8913
8306
6751
6847
8244
8517
6452
9045
7781
9497
6930
9974
8143
9316
6760
6449
6582
6466
8295
7563
6452
6516
6572
6581
8753
6450
6842
6851
7161
7164
6497
8436
7988
6650
6649
8681
6465
6922
7267
6848
6488
6943
6497
6535
8203
8546
7169
8101
8469
6681
8509
8531
8449
8585
6815
8026
6531
9749
7759
8572
7955
9516
8155
10088
10091
8155
6495
6496
6664
7837
10116
10265
6920
6498
6501
6691
8067
8070
8127
6502
9042
8301
8635
6509
8305
9701
9698
9515
6513
6989
6515
6517
8645
6898
7558
8019
9013
9017
6676
7204
7736
6525
9910
8829
9910
8754
9899
7615
9750
9507
8257
9845
8535
6538
6540
7858
8422
9843
6542
7445
8480
9769
6542
8353
8906
6640
7784
8861
6549
9834
6930
6723
8317
8535
6719
6557
7250
8248
7567
10267
8324
9315
6913
7235
6566
9151
6804
10099
6744
6768
6577
6811
6764
8996
6606
9484
6732
10029
6602
6635
6604
8789
6577
7644
6573
7685
8008
6790
6720
8000
6609
10038
8725
8689
6599
6816
9947
8057
6983
7539
6617
8462
6641
10099
6666
6789
8029
10010
6588
6756
7223
6592
6593
7034
7737
8676
6597
6598
8704
7157
9036
6808
6682
8298
6606
6635
6606
9577
8472
6608
8655
9372
7177
9434
8869
6691
7219
8058
6836
8730
6636
6846
6616
6617
6836
8024
8020
7588
7829
8012
8102
6622
6623
10057
6627
6627
6625
10243
9980
7905
7360
8526
7056
9186
6700
8189
6849
6652
6885
7198
6668
7141
10226
7810
7566
6803
6693
6647
6974
6980
7020
6650
7990
7367
6927
6752
8341
8566
6737
8263
8472
6661
8830
6746
8449
6959
6838
7932
8241
9675
7934
7389
7784
7077
7182
6672
8290
10010
10011
8792
6713
10300
8562
6686
8355
10018
8727
7668
7671
7772
8180
9301
6836
8020
8054
8368
6885
7094
6910
7836
8534
7288
7942
7043
8953
6735
8572
10249
8451
9017
9103
7181
6709
10012
6974
6976
7571
10013
6999
9340
9513
6718
6740
6733
6740
8516
8427
8011
8102
6869
7850
8746
7246
7603
9798
6902
7607
8322
6760
8671
9267
8443
8671
9060
8877
6743
7024
7258
8267
6869
7378
8790
6743
8108
9218
6746
7625
9695
9697
6747
7625
8326
9181
9264
8684
8694
7260
9513
8035
7008
7438
7039
8850
7448
7565
6762
7717
8637
7037
8640
8878
8286
9189
7248
10238
10239
8850
7931
7049
7955
8823
8653
7016
9794
8232
8265
7247
8089
7340
6924
7164
6898
6788
7841
6903
7291
6923
7734
8399
8525
7500
10239
10013
10055
6792
8460
6919
6799
9118
9242
7117
7168
8036
8758
8036
8056
8122
6894
6988
8606
8778
8595
7167
8599
6809
9392
9398
9401
6826
7853
9740
7954
9292
8738
6823
8314
7065
9008
10300
6826
7896
7022
7985
8688
8927
7543
8638
7880
9677
7488
8899
7075
8302
9483
9487
7453
7442
7895
7239
6857
6876
7809
8139
10033
7187
9398
9740
6835
7669
7866
9351
8948
9515
8903
9973
8426
6929
7733
8571
8246
6850
6864
7041
7753
6851
7196
8955
6877
8054
8058
10049
7021
8917
6867
9042
7272
10043
7264
9685
7371
6878
8730
8743
6894
8896
9754
8746
7780
7325
8632
7743
7959
6971
7449
9332
9407
6889
7194
7881
7535
8594
8920
6893
7370
10014
8322
7382
7695
6929
7037
7039
10244
9053
7248
7479
8479
8570
7667
7205
7213
8479
6915
8485
8567
8668
7187
8393
8479
8036
8122
6926
7739
10221
9749
7337
7080
6939
8355
7772
8463
8556
7371
6932
8569
9511
7490
10117
10195
9755
7286
10146
6940
6948
7289
9532
9925
7232
8475
6983
7078
6949
6949
8876
8163
10090
6967
8313
8267
8842
8876
7206
7208
7060
9032
7012
7042
10211
7018
7116
8830
9001
7062
7116
7191
8734
7063
9160
9167
7460
6970
7631
9221
7009
7042
8313
8715
9733
7026
9377
7479
7459
7769
8890
8904
10048
8638
8543
9050
6991
7059
6997
8699
7396
8255
7060
8446
7603
9982
7818
8596
7083
7184
8684
9473
7260
9310
8490
9269
8835
8017
8218
8934
7733
8341
8629
7012
9483
9935
8249
8543
9050
7229
8973
7871
8884
9797
8917
8520
10046
7132
7142
7305
10227
7035
7036
7686
7708
7687
8976
8373
8516
10050
10052
8941
9466
7378
8698
8936
10071
8120
7925
9510
7631
9221
7571
9973
7572
7985
8927
7054
7258
8813
8833
8363
9085
7226
7743
8642
7856
7061
8996
7206
8604
7118
7291
8734
7128
9959
9009
10301
7102
8413
7092
7357
10049
7926
10053
9778
10227
8884
9796
9797
7082
8170
7129
9922
7080
7543
7121
7426
7176
7381
7273
7318
7335
7883
8698
8844
7098
7178
7216
8361
7104
9415
9408
9416
8197
10084
7170
7744
8983
7113
9416
7540
9457
9459
8318
7168
7967
9004
7967
8886
7301
7985
8299
8688
7486
8130
9685
9528
10143
7134
7475
7165
7395
7945
7981
7316
7473
7224
7999
10110
7273
9861
9950
7516
7143
7949
8002
9765
9662
9663
9664
7160
8851
9508
7152
8438
9727
10308
8493
8537
7563
9959
7611
8232
8267
10146
8265
7160
7234
7874
10030
7188
8654
9024
10180
7175
7179
7210
7265
8943
7993
9045
7182
7471
7178
7310
7516
7193
7376
7505
8542
8898
8699
8678
8686
9665
7806
9657
10137
7723
7237
9447
7200
7198
7215
8499
8223
8238
9612
9506
9612
9614
9237
9239
7717
7251
8823
7211
8628
8878
7218
8854
8966
8966
9043
7332
9428
8380
10079
7234
7238
7874
9824
8956
8387
8249
8807
7860
7914
8174
7252
7250
8441
7237
9445
9439
9902
9523
9560
9862
7244
9267
7400
8340
8145
9046
9860
9966
9968
7362
8510
7282
9902
7624
7391
7409
9240
9249
7482
8724
9039
9302
7387
7388
7496
10084
10043
10248
10249
8972
10241
7403
7422
9746
9747
7677
7679
10120
8553
9620
9071
7285
7792
9904
7792
7303
7402
7421
7337
7292
9505
8846
9408
8447
9505
9926
7323
7306
7325
10123
8669
8886
7307
7484
7320
7688
7320
7341
7787
8391
8439
9043
9560
9384
8408
9445
10141
7630
7654
7331
7705
7560
9842
7618
8632
8016
8502
9951
8045
8058
8760
7365
8708
8174
8180
7638
7346
9541
9546
10135
7595
8180
7401
8490
10253
8964
9656
8058
8942
9558
9598
7375
8708
8670
8321
9297
10253
8973
8022
8941
8292
7414
7431
9639
7535
8443
9297
8526
7498
7944
7405
7431
7838
8836
7613
9244
7392
7397
7692
8726
7408
8648
9737
9392
9721
8692
7503
8993
7531
7841
7414
7688
8003
9384
8878
9383
9284
7423
7518
7532
7673
10207
7696
7454
7696
10290
7492
7454
7696
7659
8597
8138
8890
8553
9093
7440
7520
7597
7968
7472
7689
8353
7575
7683
7785
7454
8362
7646
7811
7458
7652
10058
7585
8048
10154
8073
7722
7727
8229
7466
7464
7466
9692
7472
7520
7919
10063
7475
7508
8782
9756
7481
7579
7978
7978
7618
8526
9206
7813
7565
7550
7492
7613
8311
8330
7510
9759
7906
9030
9945
7792
8767
9063
9759
8580
9296
7824
8210
8573
9598
7527
7675
7546
7556
7906
7660
8577
8713
9760
7914
7550
7848
7854
9667
9632
7543
7914
7886
10220
7642
7587
8104
8247
8363
7587
7760
8076
8239
7571
9972
7680
9360
7562
7596
8370
8255
8124
8483
9356
8921
8309
8582
9634
8719
8299
8538
9048
7576
7940
8545
7853
8874
7648
8351
8405
8239
8112
10153
10154
10156
8048
9503
8047
10156
7762
7591
8697
8874
9986
9867
7611
7635
9068
8077
7615
9068
9096
7608
8697
8744
8954
7835
9502
7899
8510
7635
9527
8660
9207
8565
10305
8382
8680
8705
7623
8675
7627
10006
7664
7658
7847
7636
7646
10285
7636
7641
8758
7650
7724
7800
7906
8992
8403
7651
7897
7657
9499
10212
8607
8533
7671
7764
9814
9397
7689
8843
7678
7831
9722
7831
7843
7805
9362
7832
7853
7695
9377
7691
8728
9705
7692
8370
7942
8924
9673
8541
9376
7698
7700
7699
8574
7700
7796
9499
10213
8261
9291
8541
9375
9369
7986
8752
7729
8997
7857
7721
7947
7725
7783
10305
8052
8824
8045
10169
8718
8372
8373
8608
10222
10223
7983
8641
8643
8134
7754
7983
8668
8511
8771
9395
7854
9498
8138
7983
8166
8843
8452
9871
8452
9742
8907
7827
8191
8743
10066
9497
9928
8737
7800
9441
8353
9397
9719
9722
8406
8701
8077
8138
8939
7830
8250
8130
8132
9682
9684
10086
9357
9707
9708
9332
7949
7971
9764
8899
8102
8438
9617
8672
8967
10078
7819
8696
8077
7837
10114
9536
9661
7903
8634
9674
10295
8624
7836
9048
7843
8711
9502
10200
7846
9563
10191
9495
9739
10101
8414
7895
7896
7897
7941
7980
7940
7950
8358
7868
8888
8637
7871
9547
9665
8420
8441
9674
7883
8431
7910
7888
9256
9257
9427
9442
7891
7891
8188
8434
8732
8736
8339
7899
7899
8266
7904
7978
7963
7908
7922
8153
8384
9889
9893
8661
10264
8581
8910
7920
7929
8025
8258
9844
8365
10052
9285
7965
7971
7939
7954
8549
7934
9494
9788
7938
9494
7952
7969
8014
8191
8386
8906
8224
9056
8018
7965
8465
8813
7966
8366
8524
7962
7964
8292
8177
7963
8709
7966
8387
8873
9038
8404
9004
9234
8902
8006
8352
7984
10103
10106
7982
8405
8710
8137
8188
10103
9348
9744
7997
8144
9359
9895
8233
9996
8429
8902
8429
8902
8011
8011
8705
8164
9634
8300
8011
10145
10216
10217
8016
8037
9055
8834
8034
8102
8156
8027
8034
8071
8028
8037
10296
8260
8841
8473
8069
8757
8244
9744
8166
8173
8072
8619
9019
10022
8049
8050
8795
10156
10157
10280
9329
9331
9893
9792
10019
8240
8066
8064
9453
9492
8115
8432
9380
8065
9492
8156
8719
9380
8087
9913
9843
9844
8473
8616
8138
8159
8105
8112
8113
8114
8602
8090
8094
8855
8127
8230
9829
9311
8765
9491
8106
8467
10142
8908
8108
8109
8487
9648
8110
8108
8109
9134
8110
8110
8768
8129
9402
9031
8161
8230
9309
9869
8483
9566
8683
8147
9066
9402
9684
10082
9381
9940
8200
8800
9496
8434
8274
9539
9991
8679
9518
9888
8207
8664
8665
9861
9942
8151
8153
8821
8521
8498
10089
8256
10181
8979
9613
8162
8444
10089
9634
8168
9840
8587
8445
9841
10092
8184
9200
9211
9213
8292
8786
9968
9100
8829
8990
8219
8223
8238
8198
8211
9820
9374
9021
9023
8186
9200
8189
8536
8348
8573
8374
8395
9027
8197
8940
8219
8381
8865
8201
8258
10004
8359
8978
9995
10204
9359
9066
8227
8228
8270
8223
8237
8712
8218
8325
9280
9368
9370
8237
9913
9915
9914
8315
8375
8236
8410
8333
8280
8293
8331
8246
8280
8293
8491
8957
8262
8252
8256
8253
8922
8800
8467
9846
9847
8261
9287
9286
8909
10146
8268
8272
9891
9892
8276
9891
8279
9892
8281
9894
9893
8284
9920
9090
8578
8309
8334
8582
8583
8560
8563
8406
8420
8343
9702
8343
8523
8667
8357
8584
9736
8312
8329
8592
8842
8565
8842
8380
8486
8609
8981
9767
10275
10254
8479
8327
9180
9185
8697
8369
8337
8505
8367
9667
8401
10271
8763
8536
8359
10004
8838
8386
8366
8524
8388
8618
8546
8999
8793
8995
8369
8463
8556
8608
9038
9900
8400
8382
8457
8680
10314
9075
8789
8391
8408
8392
8393
8606
8398
8398
8894
9031
9033
9101
8405
8430
8411
8413
8793
8959
8988
9345
9218
9220
9328
8447
9846
8502
8984
8428
8657
10227
8426
8542
9054
9055
10225
9170
9064
8932
8542
9648
8940
9344
9276
9840
10181
8452
9745
9054
9543
9745
9294
9607
9266
9857
8469
8487
9855
8676
8555
8644
10002
8939
9333
9692
8478
9566
9870
8474
9372
8593
9181
10254
8488
9770
8601
8887
9443
9593
8495
8532
9858
8567
9251
10125
10126
8494
8571
8507
8515
9753
9055
8506
8540
8518
8521
8518
8527
8661
8594
8592
9857
8597
8617
8702
8539
8706
8927
9235
9686
8547
8630
8630
10246
8600
8617
9567
9866
8644
8561
9042
8611
10122
9227
10122
8808
9296
9628
9296
8587
8588
8588
8822
9211
9607
8628
8629
8623
8600
8610
8613
8701
9769
9065
8815
8759
8806
8659
9288
8622
8626
9284
9284
8930
8969
8660
8640
8639
8642
9472
8660
8681
8726
9482
8654
9279
9202
9778
8757
9517
9998
9895
10027
9179
10274
9267
8678
8674
10257
8691
9777
8760
9726
8694
8856
10021
10264
8850
8702
8704
8982
8973
9629
8898
8741
8743
8792
8727
8752
8767
8974
8751
9683
8730
8976
8978
8732
8733
8736
9167
9696
9559
8857
9098
9335
9681
8754
8901
10064
9007
9741
9838
9912
9913
8750
8814
8782
8775
9173
9040
9682
9686
9491
9497
9929
8995
9491
9930
8862
8951
9805
10272
8787
9022
9034
10247
8782
9756
9019
9696
8806
8787
8916
8808
8911
9029
8961
9596
8955
9501
9879
9694
8803
9003
9003
9879
8998
8809
8818
8965
8907
8831
8811
9160
8813
8843
9166
8832
9920
9921
8855
8839
9200
10306
8863
10306
9036
8990
9899
8832
10205
9200
9008
9818
9198
8936
8960
10137
10139
8849
9508
10137
9660
8913
8923
10091
8870
8865
9441
10226
8951
10315
9122
9361
9673
8871
8891
8869
8901
8888
10151
8897
9592
10103
8900
8948
9182
9184
9325
9178
9171
9172
8919
9448
9614
8944
8978
8947
8980
10180
9126
9586
9590
9026
9011
9601
9604
8961
8947
9091
9245
10176
9599
8969
9016
9657
10077
10080
10242
9919
8977
9615
8985
8985
9170
9171
9324
9436
9254
8994
9030
9032
9009
9011
9604
9020
9562
9951
10311
10182
9021
9023
9027
9031
9038
9038
10176
9047
10273
10274
9057
9280
9425
9346
9368
9059
9070
9444
9371
9419
9268
9373
9420
9462
9757
9380
9414
9380
9414
9071
9072
9262
9278
9079
9280
9282
9370
9373
9073
9080
9282
9083
9259
9261
9075
9336
9078
9259
9260
9347
9078
9337
9356
9253
9336
9080
9082
9098
9246
9250
9091
9245
9255
9433
9089
9105
9203
9088
9290
9201
9292
9090
9188
9294
9203
9293
9351
9469
9189
9292
9096
9205
9351
9469
9094
9298
9299
9095
9235
9113
9299
9098
9354
9454
9456
9106
9119
9241
9101
9103
9223
9102
9446
9111
9224
9464
9105
9472
9118
9244
9237
9412
9413
9236
9239
9298
9303
9413
9111
9233
9454
9456
9113
9231
9115
9379
9128
9590
9589
9591
9382
9588
10218
9240
9249
9121
9307
9308
9388
9306
9424
9124
9308
9586
9125
9127
9306
9586
9587
9128
9305
9586
9275
9133
9152
9131
9140
9585
9138
9584
9141
9585
9144
9136
9217
9330
9137
9214
9217
9137
9210
9209
9147
9583
9143
9185
9326
9147
9582
9144
9152
9145
9312
9580
9182
9325
9157
9584
9146
9579
9313
9578
9581
9151
9509
9635
9150
9635
9509
9580
9155
9154
9158
9394
9163
9393
9156
9163
9315
9161
9317
9485
9168
9162
9476
9320
9465
9430
9165
9321
9396
9170
9171
9321
9322
9173
9174
9174
9172
9175
9435
9177
9177
9176
9386
9324
9399
9193
9181
9326
10251
9184
9265
9199
9204
9192
9187
9188
9290
9191
9190
9190
9191
9194
9264
9265
9199
9195
9196
9265
9197
9227
9204
9263
9322
9455
9485
9203
9290
9293
9264
9265
9206
9207
9208
9472
9210
9214
9330
9212
9219
9610
9219
9327
9216
9404
9405
9406
9407
9327
9330
9406
9332
9223
9224
9229
9226
9229
9333
9228
9251
10126
9432
9231
9333
9409
9410
9233
9409
9411
9463
9237
9413
9236
9238
9385
9239
9385
9241
9243
9247
9335
9246
9250
9250
9335
9263
9356
9367
9258
9356
9442
9258
9285
9433
9367
9283
9433
9261
9371
9262
9339
9274
9269
9301
9280
9421
9272
9421
9425
9343
9420
9276
9281
9379
9281
9339
9346
9346
9336
9347
9336
9433
9287
9291
9920
9295
9351
9294
9300
9294
9300
9760
9364
9410
9310
9358
9411
9412
9309
9587
9307
9308
9361
9424
10229
9340
9318
9319
9313
9484
9577
9478
9576
9316
9318
9394
9430
9319
9320
9395
9455
9393
9440
9431
9465
9476
9324
9400
9435
9326
9328
9330
9404
9334
9341
9334
9432
9894
9347
9339
9371
9444
9452
9358
9342
10049
10051
9421
9350
9353
9796
9355
9353
9355
9795
9409
9410
9411
9360
9363
9362
9365
9365
9385
9410
9412
9369
9375
9427
9425
9452
9444
9452
9434
9448
9376
9378
9378
9630
9382
9389
9387
9435
9436
9390
9712
9424
9391
9391
9394
9430
9430
9399
9431
9401
9400
9431
9408
9418
9405
9406
9407
9407
9463
9456
9418
9417
9448
9452
9423
9437
10024
10028
9428
10025
9428
9429
9437
9476
9463
9464
9445
9455
9465
9514
10267
9454
9464
9450
9462
9450
9451
9500
9597
9463
9458
9460
9466
9467
9470
9471
9472
9471
9956
9477
9481
9475
10035
9485
9480
10065
9479
9488
9489
9490
9486
9488
9490
9489
9743
9744
10239
10080
10214
9501
9597
9612
9613
10231
10175
9574
10033
10222
9761
10187
9860
9862
9992
9994
10215
9960
9643
9773
9775
10287
9932
10099
10101
10018
10093
10095
9652
9653
9735
10047
10164
10167
9803
9681
9919
9779
9869
9624
9625
9703
9705
9836
9837
9874
9635
9575
9577
9578
9580
9579
9580
9635
9582
9583
9585
9584
9585
9588
9589
9591
9591
9593
9594
9595
9595
9599
9600
9599
9600
9605
9603
9605
9604
9608
9610
9610
9609
9614
9615
9615
9617
9620
9619
9619
9620
9622
9624
9623
9625
9627
9630
9628
9629
9630
9671
9637
9639
9638
9639
9642
9643
9874
9645
9647
9648
9650
9651
9653
9652
9655
9656
9657
9657
9659
9661
9660
9661
9665
9666
9667
9667
9669
9670
9673
9671
9673
9677
9733
9676
9735
9679
9680
9686
9685
9688
9689
9692
9691
9691
9692
9697
9883
9884
9697
9884
10230
9701
9700
9702
9704
9706
9706
9711
9710
9712
9712
9716
9715
10263
9717
9720
9721
9722
9726
9727
10308
9731
9732
10292
9731
9735
9736
9740
9740
10026
9745
9745
9748
10042
9750
9750
9753
9755
9754
9755
9754
10187
9760
10267
9764
9765
9764
9765
9770
9768
9769
9770
9772
9775
9774
9774
9778
9778
9782
9783
9782
9783
9786
9787
9786
9788
9788
9790
9792
9791
9792
9794
9795
9937
9979
9800
9937
9938
9805
9805
9809
9808
9810
9810
9813
9814
9813
9814
9816
9819
9820
9819
9820
9823
9824
9823
9824
9829
9829
9828
9833
9833
9834
9834
9838
9839
9838
9839
9842
9845
9847
9851
9852
9851
9854
9855
9856
9858
9861
9862
9861
9864
9865
9866
9866
9868
9870
9875
9878
9879
9878
9879
9881
9882
10230
9887
9888
9887
9888
9890
9891
9892
9894
10142
9897
9900
9900
9903
9903
9904
9907
9908
9910
9909
9910
9914
9915
9915
9917
9919
9918
9919
9924
9926
9925
9926
9928
9930
9929
9930
9932
9935
9934
9935
9939
9979
9941
9943
9942
9946
9947
9946
9947
9949
9951
9950
9951
9953
9956
9954
9955
9956
9958
9959
9960
9960
9962
9964
9963
9964
9967
9968
9967
9970
9972
9971
9973
9973
9976
9978
9977
9978
9977
10243
10266
9982
9985
9985
9987
9989
9990
9991
9991
9993
9995
9995
10205
9998
9998
9999
10002
10006
10008
10007
10008
10007
10010
10013
10016
10017
10017
10018
10018
10020
10022
10021
10022
10024
10025
10030
10032
10031
10033
10033
10035
10038
10037
10038
10040
10041
10042
10043
10043
10045
10048
10047
10048
10053
10277
10056
10057
10056
10057
10062
10060
10061
10062
10063
10068
10069
10071
10070
10071
10073
10074
10076
10075
10076
10081
10081
10083
10085
10086
10086
10090
10092
10092
10091
10091
10094
10096
10096
10098
10100
10101
10105
10106
10107
10105
10107
10109
10112
10111
10112
10112
10114
10115
10116
10116
10118
10120
10119
10120
10123
10125
10126
10124
10126
10129
10131
10130
10130
10133
10135
10134
10135
10138
10141
10140
10139
10144
10219
10316
10219
10317
10151
10152
10150
10152
10151
10157
10157
10156
10162
10160
10162
10161
10165
10166
10166
10167
10169
10170
10171
10171
10173
10175
10176
10175
10176
10178
10180
10181
10180
10181
10184
10185
10185
10186
10186
10190
10191
10190
10191
10195
10196
10194
10196
10199
10200
10199
10200
10203
10205
10204
10205
10204
10210
10211
10211
10209
10210
10215
10224
10224
10227
10229
10233
10236
10234
10237
10237
10242
10241
10242
10244
10266
10246
10250
10252
10254
10253
10254
10256
10257
10258
10258
10261
10262
10262
10263
10263
10265
10269
10271
10270
10271
10275
10275
10279
10280
10278
10279
10280
10282
10285
10284
10284
10285
10289
10290
10288
10289
10290
10292
10293
10294
10295
10295
10298
10298
10300
10299
10301
10301
10304
10305
10305
10306
10306
10308
10310
10313
10314
10315
10317
)


// ************************************************************************* //
