/*--------------------------------*- C++ -*----------------------------------*\
| =========                 |                                                 |
| \\      /  F ield         | OpenFOAM: The Open Source CFD Toolbox           |
|  \\    /   O peration     | Version:  2512                                  |
|   \\  /    A nd           | Website:  www.openfoam.com                      |
|    \\/     M anipulation  |                                                 |
\*---------------------------------------------------------------------------*/
FoamFile
{
    version     2.0;
    format      ascii;
    arch        "LSB;label=32;scalar=64";
    class       vectorField;
    location    "constant/heatSink/polyMesh";
    object      points;
}
// * * * * * * * * * * * * * * * * * * * * * * * * * * * * * * * * * * * * * //


3438
(
(0.042 0.04 0.004)
(0.042 0 0.004)
(0 0.04 0.004)
(0 0 0.004)
(0.042 0.04 0.023)
(0.04 0.04 0.023)
(0.037 0.04 0.023)
(0.035 0.04 0.023)
(0.032 0.04 0.023)
(0.03 0.04 0.023)
(0.027 0.04 0.023)
(0.025 0.04 0.023)
(0.022 0.04 0.023)
(0.02 0.04 0.023)
(0.017 0.04 0.023)
(0.015 0.04 0.023)
(0.012 0.04 0.023)
(0.01 0.04 0.023)
(0.007 0.04 0.023)
(0.005 0.04 0.023)
(0.002 0.04 0.023)
(0.042 0 0.023)
(0.04 0 0.023)
(0.037 0 0.023)
(0.035 0 0.023)
(0.032 0 0.023)
(0.03 0 0.023)
(0.027 0 0.023)
(0.025 0 0.023)
(0.022 0 0.023)
(0.02 0 0.023)
(0.017 0 0.023)
(0.015 0 0.023)
(0.012 0 0.023)
(0.01 0 0.023)
(0.007 0 0.023)
(0.005 0 0.023)
(0.002 0 0.023)
(0.042 0.04 0.006)
(0.04 0.04 0.006)
(0.037 0.04 0.006)
(0.035 0.04 0.006)
(0.032 0.04 0.006)
(0.03 0.04 0.006)
(0.027 0.04 0.006)
(0.025 0.04 0.006)
(0.022 0.04 0.006)
(0.02 0.04 0.006)
(0.017 0.04 0.006)
(0.015 0.04 0.006)
(0.012 0.04 0.006)
(0.01 0.04 0.006)
(0.007 0.04 0.006)
(0.005 0.04 0.006)
(0.002 0.04 0.006)
(0 0.04 0.023)
(0 0 0.023)
(0.042 0 0.006)
(0.04 0 0.006)
(0.037 0 0.006)
(0.035 0 0.006)
(0.032 0 0.006)
(0.03 0 0.006)
(0.027 0 0.006)
(0.025 0 0.006)
(0.022 0 0.006)
(0.02 0 0.006)
(0.017 0 0.006)
(0.015 0 0.006)
(0.012 0 0.006)
(0.01 0 0.006)
(0.007 0 0.006)
(0.005 0 0.006)
(0.002 0 0.006)
(0 0.04 0.006)
(0 0 0.006)
(0.04 0.002036825 0.023)
(0.04 0.00407365 0.023)
(0.04 0.006250134 0.023)
(0.04 0.008445694 0.023)
(0.04 0.01048252 0.023)
(0.04 0.01251934 0.023)
(0.04 0.01455617 0.023)
(0.04 0.0166086 0.023)
(0.04 0.01913078 0.023)
(0.04 0.02116761 0.023)
(0.04 0.02320443 0.023)
(0.04 0.02524126 0.023)
(0.04 0.02727808 0.023)
(0.04 0.02938819 0.023)
(0.04 0.0318527 0.023)
(0.04 0.03388952 0.023)
(0.04 0.03592635 0.023)
(0.04 0.03796317 0.023)
(0.042 0.001955241 0.023)
(0.042 0.003910482 0.023)
(0.042 0.005947493 0.023)
(0.042 0.008119358 0.023)
(0.042 0.0100746 0.023)
(0.042 0.01202984 0.023)
(0.042 0.01398508 0.023)
(0.042 0.01594032 0.023)
(0.042 0.01819396 0.023)
(0.042 0.0201492 0.023)
(0.042 0.02210444 0.023)
(0.042 0.02405968 0.023)
(0.042 0.02601492 0.023)
(0.042 0.02797016 0.023)
(0.042 0.03010643 0.023)
(0.042 0.03217904 0.023)
(0.042 0.03413428 0.023)
(0.042 0.03608952 0.023)
(0.042 0.03804476 0.023)
(0.04 0 0.008087199)
(0.04 0 0.0101744)
(0.04 0 0.0122616)
(0.04 0 0.01434879)
(0.04 0 0.0167384)
(0.04 0 0.0188256)
(0.04 0 0.0209128)
(0.04 0.002036825 0.006)
(0.04 0.00407365 0.006)
(0.04 0.006250134 0.006)
(0.04 0.008445694 0.006)
(0.04 0.01048252 0.006)
(0.04 0.01251934 0.006)
(0.04 0.01455617 0.006)
(0.04 0.0166086 0.006)
(0.04 0.01913078 0.006)
(0.04 0.02116761 0.006)
(0.04 0.02320443 0.006)
(0.04 0.02524126 0.006)
(0.04 0.02727808 0.006)
(0.04 0.02938819 0.006)
(0.04 0.0318527 0.006)
(0.04 0.03388952 0.006)
(0.04 0.03592635 0.006)
(0.04 0.03796317 0.006)
(0.04 0.04 0.008087199)
(0.04 0.04 0.0101744)
(0.04 0.04 0.0122616)
(0.04 0.04 0.01434879)
(0.04 0.04 0.0167384)
(0.04 0.04 0.0188256)
(0.04 0.04 0.0209128)
(0.035 0.002036825 0.023)
(0.035 0.00407365 0.023)
(0.035 0.006250134 0.023)
(0.035 0.008445694 0.023)
(0.035 0.01048252 0.023)
(0.035 0.01251934 0.023)
(0.035 0.01455617 0.023)
(0.035 0.0166086 0.023)
(0.035 0.01913078 0.023)
(0.035 0.02116761 0.023)
(0.035 0.02320443 0.023)
(0.035 0.02524126 0.023)
(0.035 0.02727808 0.023)
(0.035 0.02938819 0.023)
(0.035 0.0318527 0.023)
(0.035 0.03388952 0.023)
(0.035 0.03592635 0.023)
(0.035 0.03796317 0.023)
(0.037 0.001955241 0.023)
(0.037 0.003910482 0.023)
(0.037 0.005947493 0.023)
(0.037 0.008119358 0.023)
(0.037 0.0100746 0.023)
(0.037 0.01202984 0.023)
(0.037 0.01398508 0.023)
(0.037 0.01594032 0.023)
(0.037 0.01819396 0.023)
(0.037 0.0201492 0.023)
(0.037 0.02210444 0.023)
(0.037 0.02405968 0.023)
(0.037 0.02601492 0.023)
(0.037 0.02797016 0.023)
(0.037 0.03010643 0.023)
(0.037 0.03217904 0.023)
(0.037 0.03413428 0.023)
(0.037 0.03608952 0.023)
(0.037 0.03804476 0.023)
(0.037 0 0.008087199)
(0.037 0 0.0101744)
(0.037 0 0.0122616)
(0.037 0 0.01434879)
(0.037 0 0.0167384)
(0.037 0 0.0188256)
(0.037 0 0.0209128)
(0.037 0.001955241 0.006)
(0.037 0.003910482 0.006)
(0.037 0.005947493 0.006)
(0.037 0.008119358 0.006)
(0.037 0.0100746 0.006)
(0.037 0.01202984 0.006)
(0.037 0.01398508 0.006)
(0.037 0.01594032 0.006)
(0.037 0.01819396 0.006)
(0.037 0.0201492 0.006)
(0.037 0.02210444 0.006)
(0.037 0.02405968 0.006)
(0.037 0.02601492 0.006)
(0.037 0.02797016 0.006)
(0.037 0.03010643 0.006)
(0.037 0.03217904 0.006)
(0.037 0.03413428 0.006)
(0.037 0.03608952 0.006)
(0.037 0.03804476 0.006)
(0.037 0.04 0.008087199)
(0.037 0.04 0.0101744)
(0.037 0.04 0.0122616)
(0.037 0.04 0.01434879)
(0.037 0.04 0.0167384)
(0.037 0.04 0.0188256)
(0.037 0.04 0.0209128)
(0.035 0 0.008087199)
(0.035 0 0.0101744)
(0.035 0 0.0122616)
(0.035 0 0.01434879)
(0.035 0 0.0167384)
(0.035 0 0.0188256)
(0.035 0 0.0209128)
(0.035 0.002036825 0.006)
(0.035 0.00407365 0.006)
(0.035 0.006250134 0.006)
(0.035 0.008445694 0.006)
(0.035 0.01048252 0.006)
(0.035 0.01251934 0.006)
(0.035 0.01455617 0.006)
(0.035 0.0166086 0.006)
(0.035 0.01913078 0.006)
(0.035 0.02116761 0.006)
(0.035 0.02320443 0.006)
(0.035 0.02524126 0.006)
(0.035 0.02727808 0.006)
(0.035 0.02938819 0.006)
(0.035 0.0318527 0.006)
(0.035 0.03388952 0.006)
(0.035 0.03592635 0.006)
(0.035 0.03796317 0.006)
(0.035 0.04 0.008087199)
(0.035 0.04 0.0101744)
(0.035 0.04 0.0122616)
(0.035 0.04 0.01434879)
(0.035 0.04 0.0167384)
(0.035 0.04 0.0188256)
(0.035 0.04 0.0209128)
(0.03 0.001955241 0.023)
(0.03 0.003910482 0.023)
(0.03 0.005947493 0.023)
(0.03 0.008119358 0.023)
(0.03 0.0100746 0.023)
(0.03 0.01202984 0.023)
(0.03 0.01398508 0.023)
(0.03 0.01594032 0.023)
(0.03 0.01819396 0.023)
(0.03 0.0201492 0.023)
(0.03 0.02210444 0.023)
(0.03 0.02405968 0.023)
(0.03 0.02601492 0.023)
(0.03 0.02797016 0.023)
(0.03 0.03010643 0.023)
(0.03 0.03217904 0.023)
(0.03 0.03413428 0.023)
(0.03 0.03608952 0.023)
(0.03 0.03804476 0.023)
(0.032 0.001955241 0.023)
(0.032 0.003910482 0.023)
(0.032 0.005947493 0.023)
(0.032 0.008119358 0.023)
(0.032 0.0100746 0.023)
(0.032 0.01202984 0.023)
(0.032 0.01398508 0.023)
(0.032 0.01594032 0.023)
(0.032 0.01819396 0.023)
(0.032 0.0201492 0.023)
(0.032 0.02210444 0.023)
(0.032 0.02405968 0.023)
(0.032 0.02601492 0.023)
(0.032 0.02797016 0.023)
(0.032 0.03010643 0.023)
(0.032 0.03217904 0.023)
(0.032 0.03413428 0.023)
(0.032 0.03608952 0.023)
(0.032 0.03804476 0.023)
(0.032 0 0.008087199)
(0.032 0 0.0101744)
(0.032 0 0.0122616)
(0.032 0 0.01434879)
(0.032 0 0.0167384)
(0.032 0 0.0188256)
(0.032 0 0.0209128)
(0.032 0.001955241 0.006)
(0.032 0.003910482 0.006)
(0.032 0.005947493 0.006)
(0.032 0.008119358 0.006)
(0.032 0.0100746 0.006)
(0.032 0.01202984 0.006)
(0.032 0.01398508 0.006)
(0.032 0.01594032 0.006)
(0.032 0.01819396 0.006)
(0.032 0.0201492 0.006)
(0.032 0.02210444 0.006)
(0.032 0.02405968 0.006)
(0.032 0.02601492 0.006)
(0.032 0.02797016 0.006)
(0.032 0.03010643 0.006)
(0.032 0.03217904 0.006)
(0.032 0.03413428 0.006)
(0.032 0.03608952 0.006)
(0.032 0.03804476 0.006)
(0.032 0.04 0.008087199)
(0.032 0.04 0.0101744)
(0.032 0.04 0.0122616)
(0.032 0.04 0.01434879)
(0.032 0.04 0.0167384)
(0.032 0.04 0.0188256)
(0.032 0.04 0.0209128)
(0.03 0 0.008087199)
(0.03 0 0.0101744)
(0.03 0 0.0122616)
(0.03 0 0.01434879)
(0.03 0 0.0167384)
(0.03 0 0.0188256)
(0.03 0 0.0209128)
(0.03 0.001955241 0.006)
(0.03 0.003910482 0.006)
(0.03 0.005947493 0.006)
(0.03 0.008119358 0.006)
(0.03 0.0100746 0.006)
(0.03 0.01202984 0.006)
(0.03 0.01398508 0.006)
(0.03 0.01594032 0.006)
(0.03 0.01819396 0.006)
(0.03 0.0201492 0.006)
(0.03 0.02210444 0.006)
(0.03 0.02405968 0.006)
(0.03 0.02601492 0.006)
(0.03 0.02797016 0.006)
(0.03 0.03010643 0.006)
(0.03 0.03217904 0.006)
(0.03 0.03413428 0.006)
(0.03 0.03608952 0.006)
(0.03 0.03804476 0.006)
(0.03 0.04 0.008087199)
(0.03 0.04 0.0101744)
(0.03 0.04 0.0122616)
(0.03 0.04 0.01434879)
(0.03 0.04 0.0167384)
(0.03 0.04 0.0188256)
(0.03 0.04 0.0209128)
(0.025 0.001955241 0.023)
(0.025 0.003910482 0.023)
(0.025 0.005947493 0.023)
(0.025 0.008119358 0.023)
(0.025 0.0100746 0.023)
(0.025 0.01202984 0.023)
(0.025 0.01398508 0.023)
(0.025 0.01594032 0.023)
(0.025 0.01819396 0.023)
(0.025 0.0201492 0.023)
(0.025 0.02210444 0.023)
(0.025 0.02405968 0.023)
(0.025 0.02601492 0.023)
(0.025 0.02797016 0.023)
(0.025 0.03010643 0.023)
(0.025 0.03217904 0.023)
(0.025 0.03413428 0.023)
(0.025 0.03608952 0.023)
(0.025 0.03804476 0.023)
(0.027 0.001955241 0.023)
(0.027 0.003910482 0.023)
(0.027 0.005947493 0.023)
(0.027 0.008119358 0.023)
(0.027 0.0100746 0.023)
(0.027 0.01202984 0.023)
(0.027 0.01398508 0.023)
(0.027 0.01594032 0.023)
(0.027 0.01819396 0.023)
(0.027 0.0201492 0.023)
(0.027 0.02210444 0.023)
(0.027 0.02405968 0.023)
(0.027 0.02601492 0.023)
(0.027 0.02797016 0.023)
(0.027 0.03010643 0.023)
(0.027 0.03217904 0.023)
(0.027 0.03413428 0.023)
(0.027 0.03608952 0.023)
(0.027 0.03804476 0.023)
(0.027 0 0.008087199)
(0.027 0 0.0101744)
(0.027 0 0.0122616)
(0.027 0 0.01434879)
(0.027 0 0.0167384)
(0.027 0 0.0188256)
(0.027 0 0.0209128)
(0.027 0.001955241 0.006)
(0.027 0.003910482 0.006)
(0.027 0.005947493 0.006)
(0.027 0.008119358 0.006)
(0.027 0.0100746 0.006)
(0.027 0.01202984 0.006)
(0.027 0.01398508 0.006)
(0.027 0.01594032 0.006)
(0.027 0.01819396 0.006)
(0.027 0.0201492 0.006)
(0.027 0.02210444 0.006)
(0.027 0.02405968 0.006)
(0.027 0.02601492 0.006)
(0.027 0.02797016 0.006)
(0.027 0.03010643 0.006)
(0.027 0.03217904 0.006)
(0.027 0.03413428 0.006)
(0.027 0.03608952 0.006)
(0.027 0.03804476 0.006)
(0.027 0.04 0.008087199)
(0.027 0.04 0.0101744)
(0.027 0.04 0.0122616)
(0.027 0.04 0.01434879)
(0.027 0.04 0.0167384)
(0.027 0.04 0.0188256)
(0.027 0.04 0.0209128)
(0.025 0 0.008087199)
(0.025 0 0.0101744)
(0.025 0 0.0122616)
(0.025 0 0.01434879)
(0.025 0 0.0167384)
(0.025 0 0.0188256)
(0.025 0 0.0209128)
(0.025 0.001955241 0.006)
(0.025 0.003910482 0.006)
(0.025 0.005947493 0.006)
(0.025 0.008119358 0.006)
(0.025 0.0100746 0.006)
(0.025 0.01202984 0.006)
(0.025 0.01398508 0.006)
(0.025 0.01594032 0.006)
(0.025 0.01819396 0.006)
(0.025 0.0201492 0.006)
(0.025 0.02210444 0.006)
(0.025 0.02405968 0.006)
(0.025 0.02601492 0.006)
(0.025 0.02797016 0.006)
(0.025 0.03010643 0.006)
(0.025 0.03217904 0.006)
(0.025 0.03413428 0.006)
(0.025 0.03608952 0.006)
(0.025 0.03804476 0.006)
(0.025 0.04 0.008087199)
(0.025 0.04 0.0101744)
(0.025 0.04 0.0122616)
(0.025 0.04 0.01434879)
(0.025 0.04 0.0167384)
(0.025 0.04 0.0188256)
(0.025 0.04 0.0209128)
(0.02 0.002036825 0.023)
(0.02 0.00407365 0.023)
(0.02 0.006250134 0.023)
(0.02 0.008445694 0.023)
(0.02 0.01048252 0.023)
(0.02 0.01251934 0.023)
(0.02 0.01455617 0.023)
(0.02 0.0166086 0.023)
(0.02 0.01913078 0.023)
(0.02 0.02116761 0.023)
(0.02 0.02320443 0.023)
(0.02 0.02524126 0.023)
(0.02 0.02727808 0.023)
(0.02 0.02938819 0.023)
(0.02 0.0318527 0.023)
(0.02 0.03388952 0.023)
(0.02 0.03592635 0.023)
(0.02 0.03796317 0.023)
(0.022 0.001955241 0.023)
(0.022 0.003910482 0.023)
(0.022 0.005947493 0.023)
(0.022 0.008119358 0.023)
(0.022 0.0100746 0.023)
(0.022 0.01202984 0.023)
(0.022 0.01398508 0.023)
(0.022 0.01594032 0.023)
(0.022 0.01819396 0.023)
(0.022 0.0201492 0.023)
(0.022 0.02210444 0.023)
(0.022 0.02405968 0.023)
(0.022 0.02601492 0.023)
(0.022 0.02797016 0.023)
(0.022 0.03010643 0.023)
(0.022 0.03217904 0.023)
(0.022 0.03413428 0.023)
(0.022 0.03608952 0.023)
(0.022 0.03804476 0.023)
(0.022 0 0.008087199)
(0.022 0 0.0101744)
(0.022 0 0.0122616)
(0.022 0 0.01434879)
(0.022 0 0.0167384)
(0.022 0 0.0188256)
(0.022 0 0.0209128)
(0.022 0.001955241 0.006)
(0.022 0.003910482 0.006)
(0.022 0.005947493 0.006)
(0.022 0.008119358 0.006)
(0.022 0.0100746 0.006)
(0.022 0.01202984 0.006)
(0.022 0.01398508 0.006)
(0.022 0.01594032 0.006)
(0.022 0.01819396 0.006)
(0.022 0.0201492 0.006)
(0.022 0.02210444 0.006)
(0.022 0.02405968 0.006)
(0.022 0.02601492 0.006)
(0.022 0.02797016 0.006)
(0.022 0.03010643 0.006)
(0.022 0.03217904 0.006)
(0.022 0.03413428 0.006)
(0.022 0.03608952 0.006)
(0.022 0.03804476 0.006)
(0.022 0.04 0.008087199)
(0.022 0.04 0.0101744)
(0.022 0.04 0.0122616)
(0.022 0.04 0.01434879)
(0.022 0.04 0.0167384)
(0.022 0.04 0.0188256)
(0.022 0.04 0.0209128)
(0.02 0 0.008087199)
(0.02 0 0.0101744)
(0.02 0 0.0122616)
(0.02 0 0.01434879)
(0.02 0 0.0167384)
(0.02 0 0.0188256)
(0.02 0 0.0209128)
(0.02 0.002036825 0.006)
(0.02 0.00407365 0.006)
(0.02 0.006250134 0.006)
(0.02 0.008445694 0.006)
(0.02 0.01048252 0.006)
(0.02 0.01251934 0.006)
(0.02 0.01455617 0.006)
(0.02 0.0166086 0.006)
(0.02 0.01913078 0.006)
(0.02 0.02116761 0.006)
(0.02 0.02320443 0.006)
(0.02 0.02524126 0.006)
(0.02 0.02727808 0.006)
(0.02 0.02938819 0.006)
(0.02 0.0318527 0.006)
(0.02 0.03388952 0.006)
(0.02 0.03592635 0.006)
(0.02 0.03796317 0.006)
(0.02 0.04 0.008087199)
(0.02 0.04 0.0101744)
(0.02 0.04 0.0122616)
(0.02 0.04 0.01434879)
(0.02 0.04 0.0167384)
(0.02 0.04 0.0188256)
(0.02 0.04 0.0209128)
(0.015 0.001955241 0.023)
(0.015 0.003910482 0.023)
(0.015 0.005947493 0.023)
(0.015 0.008119358 0.023)
(0.015 0.0100746 0.023)
(0.015 0.01202984 0.023)
(0.015 0.01398508 0.023)
(0.015 0.01594032 0.023)
(0.015 0.01819396 0.023)
(0.015 0.0201492 0.023)
(0.015 0.02210444 0.023)
(0.015 0.02405968 0.023)
(0.015 0.02601492 0.023)
(0.015 0.02797016 0.023)
(0.015 0.03010643 0.023)
(0.015 0.03217904 0.023)
(0.015 0.03413428 0.023)
(0.015 0.03608952 0.023)
(0.015 0.03804476 0.023)
(0.017 0.001955241 0.023)
(0.017 0.003910482 0.023)
(0.017 0.005947493 0.023)
(0.017 0.008119358 0.023)
(0.017 0.0100746 0.023)
(0.017 0.01202984 0.023)
(0.017 0.01398508 0.023)
(0.017 0.01594032 0.023)
(0.017 0.01819396 0.023)
(0.017 0.0201492 0.023)
(0.017 0.02210444 0.023)
(0.017 0.02405968 0.023)
(0.017 0.02601492 0.023)
(0.017 0.02797016 0.023)
(0.017 0.03010643 0.023)
(0.017 0.03217904 0.023)
(0.017 0.03413428 0.023)
(0.017 0.03608952 0.023)
(0.017 0.03804476 0.023)
(0.017 0 0.008087199)
(0.017 0 0.0101744)
(0.017 0 0.0122616)
(0.017 0 0.01434879)
(0.017 0 0.0167384)
(0.017 0 0.0188256)
(0.017 0 0.0209128)
(0.017 0.001955241 0.006)
(0.017 0.003910482 0.006)
(0.017 0.005947493 0.006)
(0.017 0.008119358 0.006)
(0.017 0.0100746 0.006)
(0.017 0.01202984 0.006)
(0.017 0.01398508 0.006)
(0.017 0.01594032 0.006)
(0.017 0.01819396 0.006)
(0.017 0.0201492 0.006)
(0.017 0.02210444 0.006)
(0.017 0.02405968 0.006)
(0.017 0.02601492 0.006)
(0.017 0.02797016 0.006)
(0.017 0.03010643 0.006)
(0.017 0.03217904 0.006)
(0.017 0.03413428 0.006)
(0.017 0.03608952 0.006)
(0.017 0.03804476 0.006)
(0.017 0.04 0.008087199)
(0.017 0.04 0.0101744)
(0.017 0.04 0.0122616)
(0.017 0.04 0.01434879)
(0.017 0.04 0.0167384)
(0.017 0.04 0.0188256)
(0.017 0.04 0.0209128)
(0.015 0 0.008087199)
(0.015 0 0.0101744)
(0.015 0 0.0122616)
(0.015 0 0.01434879)
(0.015 0 0.0167384)
(0.015 0 0.0188256)
(0.015 0 0.0209128)
(0.015 0.001955241 0.006)
(0.015 0.003910482 0.006)
(0.015 0.005947493 0.006)
(0.015 0.008119358 0.006)
(0.015 0.0100746 0.006)
(0.015 0.01202984 0.006)
(0.015 0.01398508 0.006)
(0.015 0.01594032 0.006)
(0.015 0.01819396 0.006)
(0.015 0.0201492 0.006)
(0.015 0.02210444 0.006)
(0.015 0.02405968 0.006)
(0.015 0.02601492 0.006)
(0.015 0.02797016 0.006)
(0.015 0.03010643 0.006)
(0.015 0.03217904 0.006)
(0.015 0.03413428 0.006)
(0.015 0.03608952 0.006)
(0.015 0.03804476 0.006)
(0.015 0.04 0.008087199)
(0.015 0.04 0.0101744)
(0.015 0.04 0.0122616)
(0.015 0.04 0.01434879)
(0.015 0.04 0.0167384)
(0.015 0.04 0.0188256)
(0.015 0.04 0.0209128)
(0.01 0.002036825 0.023)
(0.01 0.00407365 0.023)
(0.01 0.006250134 0.023)
(0.01 0.008445694 0.023)
(0.01 0.01048252 0.023)
(0.01 0.01251934 0.023)
(0.01 0.01455617 0.023)
(0.01 0.0166086 0.023)
(0.01 0.01913078 0.023)
(0.01 0.02116761 0.023)
(0.01 0.02320443 0.023)
(0.01 0.02524126 0.023)
(0.01 0.02727808 0.023)
(0.01 0.02938819 0.023)
(0.01 0.0318527 0.023)
(0.01 0.03388952 0.023)
(0.01 0.03592635 0.023)
(0.01 0.03796317 0.023)
(0.012 0.001955241 0.023)
(0.012 0.003910482 0.023)
(0.012 0.005947493 0.023)
(0.012 0.008119358 0.023)
(0.012 0.0100746 0.023)
(0.012 0.01202984 0.023)
(0.012 0.01398508 0.023)
(0.012 0.01594032 0.023)
(0.012 0.01819396 0.023)
(0.012 0.0201492 0.023)
(0.012 0.02210444 0.023)
(0.012 0.02405968 0.023)
(0.012 0.02601492 0.023)
(0.012 0.02797016 0.023)
(0.012 0.03010643 0.023)
(0.012 0.03217904 0.023)
(0.012 0.03413428 0.023)
(0.012 0.03608952 0.023)
(0.012 0.03804476 0.023)
(0.012 0 0.008087199)
(0.012 0 0.0101744)
(0.012 0 0.0122616)
(0.012 0 0.01434879)
(0.012 0 0.0167384)
(0.012 0 0.0188256)
(0.012 0 0.0209128)
(0.012 0.001955241 0.006)
(0.012 0.003910482 0.006)
(0.012 0.005947493 0.006)
(0.012 0.008119358 0.006)
(0.012 0.0100746 0.006)
(0.012 0.01202984 0.006)
(0.012 0.01398508 0.006)
(0.012 0.01594032 0.006)
(0.012 0.01819396 0.006)
(0.012 0.0201492 0.006)
(0.012 0.02210444 0.006)
(0.012 0.02405968 0.006)
(0.012 0.02601492 0.006)
(0.012 0.02797016 0.006)
(0.012 0.03010643 0.006)
(0.012 0.03217904 0.006)
(0.012 0.03413428 0.006)
(0.012 0.03608952 0.006)
(0.012 0.03804476 0.006)
(0.012 0.04 0.008087199)
(0.012 0.04 0.0101744)
(0.012 0.04 0.0122616)
(0.012 0.04 0.01434879)
(0.012 0.04 0.0167384)
(0.012 0.04 0.0188256)
(0.012 0.04 0.0209128)
(0.01 0 0.008087199)
(0.01 0 0.0101744)
(0.01 0 0.0122616)
(0.01 0 0.01434879)
(0.01 0 0.0167384)
(0.01 0 0.0188256)
(0.01 0 0.0209128)
(0.01 0.002036825 0.006)
(0.01 0.00407365 0.006)
(0.01 0.006250134 0.006)
(0.01 0.008445694 0.006)
(0.01 0.01048252 0.006)
(0.01 0.01251934 0.006)
(0.01 0.01455617 0.006)
(0.01 0.0166086 0.006)
(0.01 0.01913078 0.006)
(0.01 0.02116761 0.006)
(0.01 0.02320443 0.006)
(0.01 0.02524126 0.006)
(0.01 0.02727808 0.006)
(0.01 0.02938819 0.006)
(0.01 0.0318527 0.006)
(0.01 0.03388952 0.006)
(0.01 0.03592635 0.006)
(0.01 0.03796317 0.006)
(0.01 0.04 0.008087199)
(0.01 0.04 0.0101744)
(0.01 0.04 0.0122616)
(0.01 0.04 0.01434879)
(0.01 0.04 0.0167384)
(0.01 0.04 0.0188256)
(0.01 0.04 0.0209128)
(0.005 0.001955241 0.023)
(0.005 0.003910482 0.023)
(0.005 0.005947493 0.023)
(0.005 0.008119358 0.023)
(0.005 0.0100746 0.023)
(0.005 0.01202984 0.023)
(0.005 0.01398508 0.023)
(0.005 0.01594032 0.023)
(0.005 0.01819396 0.023)
(0.005 0.0201492 0.023)
(0.005 0.02210444 0.023)
(0.005 0.02405968 0.023)
(0.005 0.02601492 0.023)
(0.005 0.02797016 0.023)
(0.005 0.03010643 0.023)
(0.005 0.03217904 0.023)
(0.005 0.03413428 0.023)
(0.005 0.03608952 0.023)
(0.005 0.03804476 0.023)
(0.007 0.001955241 0.023)
(0.007 0.003910482 0.023)
(0.007 0.005947493 0.023)
(0.007 0.008119358 0.023)
(0.007 0.0100746 0.023)
(0.007 0.01202984 0.023)
(0.007 0.01398508 0.023)
(0.007 0.01594032 0.023)
(0.007 0.01819396 0.023)
(0.007 0.0201492 0.023)
(0.007 0.02210444 0.023)
(0.007 0.02405968 0.023)
(0.007 0.02601492 0.023)
(0.007 0.02797016 0.023)
(0.007 0.03010643 0.023)
(0.007 0.03217904 0.023)
(0.007 0.03413428 0.023)
(0.007 0.03608952 0.023)
(0.007 0.03804476 0.023)
(0.007 0 0.008087199)
(0.007 0 0.0101744)
(0.007 0 0.0122616)
(0.007 0 0.01434879)
(0.007 0 0.0167384)
(0.007 0 0.0188256)
(0.007 0 0.0209128)
(0.007 0.001955241 0.006)
(0.007 0.003910482 0.006)
(0.007 0.005947493 0.006)
(0.007 0.008119358 0.006)
(0.007 0.0100746 0.006)
(0.007 0.01202984 0.006)
(0.007 0.01398508 0.006)
(0.007 0.01594032 0.006)
(0.007 0.01819396 0.006)
(0.007 0.0201492 0.006)
(0.007 0.02210444 0.006)
(0.007 0.02405968 0.006)
(0.007 0.02601492 0.006)
(0.007 0.02797016 0.006)
(0.007 0.03010643 0.006)
(0.007 0.03217904 0.006)
(0.007 0.03413428 0.006)
(0.007 0.03608952 0.006)
(0.007 0.03804476 0.006)
(0.007 0.04 0.008087199)
(0.007 0.04 0.0101744)
(0.007 0.04 0.0122616)
(0.007 0.04 0.01434879)
(0.007 0.04 0.0167384)
(0.007 0.04 0.0188256)
(0.007 0.04 0.0209128)
(0.005 0 0.008087199)
(0.005 0 0.0101744)
(0.005 0 0.0122616)
(0.005 0 0.01434879)
(0.005 0 0.0167384)
(0.005 0 0.0188256)
(0.005 0 0.0209128)
(0.005 0.001955241 0.006)
(0.005 0.003910482 0.006)
(0.005 0.005947493 0.006)
(0.005 0.008119358 0.006)
(0.005 0.0100746 0.006)
(0.005 0.01202984 0.006)
(0.005 0.01398508 0.006)
(0.005 0.01594032 0.006)
(0.005 0.01819396 0.006)
(0.005 0.0201492 0.006)
(0.005 0.02210444 0.006)
(0.005 0.02405968 0.006)
(0.005 0.02601492 0.006)
(0.005 0.02797016 0.006)
(0.005 0.03010643 0.006)
(0.005 0.03217904 0.006)
(0.005 0.03413428 0.006)
(0.005 0.03608952 0.006)
(0.005 0.03804476 0.006)
(0.005 0.04 0.008087199)
(0.005 0.04 0.0101744)
(0.005 0.04 0.0122616)
(0.005 0.04 0.01434879)
(0.005 0.04 0.0167384)
(0.005 0.04 0.0188256)
(0.005 0.04 0.0209128)
(0.002 0 0.008087199)
(0.002 0 0.0101744)
(0.002 0 0.0122616)
(0.002 0 0.01434879)
(0.002 0 0.0167384)
(0.002 0 0.0188256)
(0.002 0 0.0209128)
(0.002 0.001955241 0.006)
(0.002 0.003910482 0.006)
(0.002 0.005947493 0.006)
(0.002 0.008119358 0.006)
(0.002 0.0100746 0.006)
(0.002 0.01202984 0.006)
(0.002 0.01398508 0.006)
(0.002 0.01594032 0.006)
(0.002 0.01819396 0.006)
(0.002 0.0201492 0.006)
(0.002 0.02210444 0.006)
(0.002 0.02405968 0.006)
(0.002 0.02601492 0.006)
(0.002 0.02797016 0.006)
(0.002 0.03010643 0.006)
(0.002 0.03217904 0.006)
(0.002 0.03413428 0.006)
(0.002 0.03608952 0.006)
(0.002 0.03804476 0.006)
(0.002 0.04 0.008087199)
(0.002 0.04 0.0101744)
(0.002 0.04 0.0122616)
(0.002 0.04 0.01434879)
(0.002 0.04 0.0167384)
(0.002 0.04 0.0188256)
(0.002 0.04 0.0209128)
(0.002 0.001955241 0.023)
(0.002 0.003910482 0.023)
(0.002 0.005947493 0.023)
(0.002 0.008119358 0.023)
(0.002 0.0100746 0.023)
(0.002 0.01202984 0.023)
(0.002 0.01398508 0.023)
(0.002 0.01594032 0.023)
(0.002 0.01819396 0.023)
(0.002 0.0201492 0.023)
(0.002 0.02210444 0.023)
(0.002 0.02405968 0.023)
(0.002 0.02601492 0.023)
(0.002 0.02797016 0.023)
(0.002 0.03010643 0.023)
(0.002 0.03217904 0.023)
(0.002 0.03413428 0.023)
(0.002 0.03608952 0.023)
(0.002 0.03804476 0.023)
(0.042 0 0.008087199)
(0.042 0 0.0101744)
(0.042 0 0.0122616)
(0.042 0 0.01434879)
(0.042 0 0.0167384)
(0.042 0 0.0188256)
(0.042 0 0.0209128)
(0.042 0.001955241 0.006)
(0.042 0.003910482 0.006)
(0.042 0.005947493 0.006)
(0.042 0.008119358 0.006)
(0.042 0.0100746 0.006)
(0.042 0.01202984 0.006)
(0.042 0.01398508 0.006)
(0.042 0.01594032 0.006)
(0.042 0.01819396 0.006)
(0.042 0.0201492 0.006)
(0.042 0.02210444 0.006)
(0.042 0.02405968 0.006)
(0.042 0.02601492 0.006)
(0.042 0.02797016 0.006)
(0.042 0.03010643 0.006)
(0.042 0.03217904 0.006)
(0.042 0.03413428 0.006)
(0.042 0.03608952 0.006)
(0.042 0.03804476 0.006)
(0.042 0.04 0.008087199)
(0.042 0.04 0.0101744)
(0.042 0.04 0.0122616)
(0.042 0.04 0.01434879)
(0.042 0.04 0.0167384)
(0.042 0.04 0.0188256)
(0.042 0.04 0.0209128)
(0 0.04 0.008087199)
(0 0.04 0.0101744)
(0 0.04 0.0122616)
(0 0.04 0.01434879)
(0 0.04 0.0167384)
(0 0.04 0.0188256)
(0 0.04 0.0209128)
(0 0.002036825 0.023)
(0 0.00407365 0.023)
(0 0.006250134 0.023)
(0 0.008445694 0.023)
(0 0.01048252 0.023)
(0 0.01251934 0.023)
(0 0.01455617 0.023)
(0 0.0166086 0.023)
(0 0.01913078 0.023)
(0 0.02116761 0.023)
(0 0.02320443 0.023)
(0 0.02524126 0.023)
(0 0.02727808 0.023)
(0 0.02938819 0.023)
(0 0.0318527 0.023)
(0 0.03388952 0.023)
(0 0.03592635 0.023)
(0 0.03796317 0.023)
(0.0385 0 0.006)
(0.0385 0.04 0.006)
(0.0335 0 0.006)
(0.0335 0.04 0.006)
(0.0285 0 0.006)
(0.0285 0.04 0.006)
(0.0235 0 0.006)
(0.0235 0.04 0.006)
(0.0185 0 0.006)
(0.0185 0.04 0.006)
(0.0135 0 0.006)
(0.0135 0.04 0.006)
(0.0085 0 0.006)
(0.0085 0.04 0.006)
(0.0035 0 0.006)
(0.0035 0.04 0.006)
(0 0 0.008087199)
(0 0 0.0101744)
(0 0 0.0122616)
(0 0 0.01434879)
(0 0 0.0167384)
(0 0 0.0188256)
(0 0 0.0209128)
(0.042 0.001955241 0.004)
(0.042 0.003910482 0.004)
(0.042 0.005947493 0.004)
(0.042 0.008119358 0.004)
(0.042 0.0100746 0.004)
(0.042 0.01202984 0.004)
(0.042 0.01398508 0.004)
(0.042 0.01594032 0.004)
(0.042 0.01819396 0.004)
(0.042 0.0201492 0.004)
(0.042 0.02210444 0.004)
(0.042 0.02405968 0.004)
(0.042 0.02601492 0.004)
(0.042 0.02797016 0.004)
(0.042 0.03010643 0.004)
(0.042 0.03217904 0.004)
(0.042 0.03413428 0.004)
(0.042 0.03608952 0.004)
(0.042 0.03804476 0.004)
(0.001956771 0.04 0.004)
(0.003913542 0.04 0.004)
(0.005870313 0.04 0.004)
(0.007827085 0.04 0.004)
(0.009783856 0.04 0.004)
(0.01192479 0.04 0.004)
(0.01399464 0.04 0.004)
(0.01595142 0.04 0.004)
(0.01790819 0.04 0.004)
(0.01986496 0.04 0.004)
(0.02182173 0.04 0.004)
(0.02408378 0.04 0.004)
(0.02604055 0.04 0.004)
(0.02799732 0.04 0.004)
(0.02995409 0.04 0.004)
(0.03191086 0.04 0.004)
(0.03407001 0.04 0.004)
(0.03612969 0.04 0.004)
(0.03808646 0.04 0.004)
(0.04004323 0.04 0.004)
(0 0.002036825 0.006)
(0 0.00407365 0.006)
(0 0.006250134 0.006)
(0 0.008445694 0.006)
(0 0.01048252 0.006)
(0 0.01251934 0.006)
(0 0.01455617 0.006)
(0 0.0166086 0.006)
(0 0.01913078 0.006)
(0 0.02116761 0.006)
(0 0.02320443 0.006)
(0 0.02524126 0.006)
(0 0.02727808 0.006)
(0 0.02938819 0.006)
(0 0.0318527 0.006)
(0 0.03388952 0.006)
(0 0.03592635 0.006)
(0 0.03796317 0.006)
(0.001956771 0 0.004)
(0.003913542 0 0.004)
(0.005870313 0 0.004)
(0.007827085 0 0.004)
(0.009783856 0 0.004)
(0.01192479 0 0.004)
(0.01399464 0 0.004)
(0.01595142 0 0.004)
(0.01790819 0 0.004)
(0.01986496 0 0.004)
(0.02182173 0 0.004)
(0.02408378 0 0.004)
(0.02604055 0 0.004)
(0.02799732 0 0.004)
(0.02995409 0 0.004)
(0.03191086 0 0.004)
(0.03407001 0 0.004)
(0.03612969 0 0.004)
(0.03808646 0 0.004)
(0.04004323 0 0.004)
(0 0.001955241 0.004)
(0 0.003910482 0.004)
(0 0.005947493 0.004)
(0 0.008119358 0.004)
(0 0.0100746 0.004)
(0 0.01202984 0.004)
(0 0.01398508 0.004)
(0 0.01594032 0.004)
(0 0.01819396 0.004)
(0 0.0201492 0.004)
(0 0.02210444 0.004)
(0 0.02405968 0.004)
(0 0.02601492 0.004)
(0 0.02797016 0.004)
(0 0.03010643 0.004)
(0 0.03217904 0.004)
(0 0.03413428 0.004)
(0 0.03608952 0.004)
(0 0.03804476 0.004)
(0.04 0.001450805 0.009282036)
(0.04 0.001653502 0.01111144)
(0.04 0.001765048 0.01324597)
(0.04 0.001836587 0.01546367)
(0.04 0.001798635 0.01771345)
(0.04 0.00161483 0.01984404)
(0.04 0.001315823 0.02165286)
(0.04 0.002655129 0.007591234)
(0.04 0.00728773 0.007840326)
(0.04 0.01140202 0.007504075)
(0.04 0.01543447 0.008008647)
(0.04 0.02008302 0.007551988)
(0.04 0.02412475 0.007826618)
(0.04 0.02821319 0.007516886)
(0.04 0.03270499 0.008057165)
(0.04 0.03722362 0.007714067)
(0.04 0.03858574 0.01140783)
(0.04 0.03828391 0.01551622)
(0.04 0.03848807 0.01986596)
(0.04 0.03875759 0.02164348)
(0.04 0.003076414 0.02133576)
(0.04 0.005103349 0.02130726)
(0.04 0.007476415 0.02131166)
(0.04 0.009584418 0.0211823)
(0.04 0.01172492 0.02110984)
(0.04 0.01388356 0.02105445)
(0.04 0.01599483 0.02097379)
(0.04 0.01821803 0.02112424)
(0.04 0.02038759 0.02129272)
(0.04 0.02242551 0.02123686)
(0.04 0.02455913 0.02113146)
(0.04 0.02661638 0.02091339)
(0.04 0.02872358 0.02081535)
(0.04 0.03095866 0.02094042)
(0.04 0.03303604 0.02140509)
(0.04 0.03511196 0.02150018)
(0.04 0.03709372 0.02134916)
(0.04 0.009455849 0.007839306)
(0.04 0.004900653 0.00772647)
(0.04 0.01329415 0.007911744)
(0.04 0.01801806 0.008373813)
(0.04 0.02203962 0.007824136)
(0.04 0.02622883 0.007727877)
(0.04 0.03028954 0.008511291)
(0.04 0.0349729 0.007714094)
(0.04 0.03820292 0.00961797)
(0.04 0.03830801 0.0133253)
(0.04 0.03832988 0.01778176)
(0.04 0.016206 0.0102643)
(0.04 0.003834403 0.01182756)
(0.04 0.004064067 0.01413811)
(0.04 0.004059165 0.01650961)
(0.04 0.003958438 0.01904659)
(0.04 0.008382791 0.0101102)
(0.04 0.02036076 0.009924649)
(0.04 0.03611633 0.01430672)
(0.04 0.01381461 0.01039668)
(0.04 0.02518035 0.009966687)
(0.04 0.01117259 0.01004583)
(0.04 0.03411396 0.01015166)
(0.04 0.03619226 0.009331858)
(0.04 0.03643033 0.01670835)
(0.04 0.00583432 0.009842989)
(0.04 0.03165837 0.01101827)
(0.04 0.03645823 0.0116342)
(0.04 0.003408028 0.009601281)
(0.04 0.02771029 0.00963849)
(0.04 0.006286912 0.01966199)
(0.04 0.008484481 0.01909671)
(0.04 0.01073366 0.01894859)
(0.04 0.01312989 0.01886054)
(0.04 0.01542337 0.01857694)
(0.04 0.01766866 0.01869709)
(0.04 0.01960545 0.01942416)
(0.04 0.02164586 0.01899624)
(0.04 0.02364928 0.01921754)
(0.04 0.0256474 0.01833299)
(0.04 0.02810022 0.01799102)
(0.04 0.03052124 0.01818494)
(0.04 0.03246728 0.01905846)
(0.04 0.0343438 0.01999285)
(0.04 0.02276279 0.01027469)
(0.04 0.0182956 0.01177211)
(0.04 0.03660119 0.01921659)
(0.04 0.02916958 0.01191557)
(0.04 0.03320655 0.01591426)
(0.04 0.02100626 0.01326641)
(0.04 0.00644054 0.01231755)
(0.04 0.03355208 0.01302598)
(0.04 0.006561922 0.01739948)
(0.04 0.01746426 0.01559119)
(0.04 0.03049023 0.01472697)
(0.04 0.02661641 0.01195501)
(0.04 0.006712222 0.0149594)
(0.04 0.01226057 0.01324456)
(0.04 0.01533495 0.01293415)
(0.04 0.0346188 0.01793518)
(0.04 0.009326723 0.01623521)
(0.04 0.01196456 0.01668292)
(0.04 0.01451139 0.01600188)
(0.04 0.02016954 0.01680736)
(0.04 0.02331702 0.01631582)
(0.04 0.02685283 0.01521594)
(0.04 0.02400274 0.01290395)
(0.04 0.009301408 0.01278214)
(0.037 0.00144494 0.009279462)
(0.037 0.001716174 0.01325808)
(0.037 0.001658004 0.01774628)
(0.037 0.002531001 0.007589594)
(0.037 0.00462502 0.007739602)
(0.037 0.006842638 0.007860937)
(0.037 0.008900656 0.007807011)
(0.037 0.01096561 0.007829181)
(0.037 0.01301855 0.007895405)
(0.037 0.01503959 0.007986061)
(0.037 0.0170451 0.008029751)
(0.037 0.0191557 0.007811561)
(0.037 0.02120333 0.007734508)
(0.037 0.02317244 0.007887145)
(0.037 0.02514945 0.007930027)
(0.037 0.02710992 0.007815398)
(0.037 0.02916566 0.007811091)
(0.037 0.03126029 0.007826816)
(0.037 0.03328313 0.007749147)
(0.037 0.03523553 0.007741278)
(0.037 0.03715912 0.007612944)
(0.037 0.03879197 0.007350932)
(0.037 0.03851937 0.009114964)
(0.037 0.03835247 0.01119756)
(0.037 0.03822357 0.01337449)
(0.037 0.03822213 0.01565881)
(0.037 0.03835151 0.01795577)
(0.037 0.03851047 0.02016014)
(0.037 0.002603355 0.02127171)
(0.037 0.007000908 0.02088114)
(0.037 0.01103422 0.0211527)
(0.037 0.01507265 0.0211947)
(0.037 0.01909973 0.02103035)
(0.037 0.0230479 0.02120068)
(0.037 0.02699413 0.02120348)
(0.037 0.0311722 0.02097607)
(0.037 0.0351429 0.02120732)
(0.037 0.001595326 0.01118182)
(0.037 0.001770406 0.01552843)
(0.037 0.001444309 0.01962384)
(0.037 0.01309768 0.02123352)
(0.037 0.00904658 0.0209905)
(0.037 0.004747184 0.02106347)
(0.037 0.01718193 0.02102836)
(0.037 0.02112233 0.02112087)
(0.037 0.02507188 0.02122291)
(0.037 0.02904274 0.02112618)
(0.037 0.03317908 0.02105616)
(0.037 0.03694764 0.02143041)
(0.037 0.003208987 0.009640671)
(0.037 0.003556258 0.01195449)
(0.037 0.003359064 0.01916746)
(0.037 0.003873178 0.01678799)
(0.037 0.02016319 0.01896291)
(0.037 0.005392614 0.009923842)
(0.037 0.007560745 0.01010109)
(0.037 0.00969919 0.01003639)
(0.037 0.01191525 0.0101547)
(0.037 0.01403361 0.01046043)
(0.037 0.01619389 0.01064727)
(0.037 0.01828193 0.01038303)
(0.037 0.02020658 0.009672782)
(0.037 0.02215493 0.01022624)
(0.037 0.02426981 0.01047996)
(0.037 0.02642225 0.0104329)
(0.037 0.0283387 0.009835867)
(0.037 0.03041117 0.01034763)
(0.037 0.03242336 0.00983203)
(0.037 0.03451881 0.01011594)
(0.037 0.03667966 0.009713089)
(0.037 0.03612513 0.01209408)
(0.037 0.0359811 0.01457135)
(0.037 0.03637184 0.01713824)
(0.037 0.03671858 0.01935639)
(0.037 0.01414809 0.01890628)
(0.037 0.0121921 0.0192662)
(0.037 0.02601329 0.01879031)
(0.037 0.01031138 0.01852028)
(0.037 0.008047704 0.01825958)
(0.037 0.02408233 0.01927417)
(0.037 0.01816339 0.01804695)
(0.037 0.02217777 0.01868273)
(0.037 0.03222948 0.01862724)
(0.037 0.02997045 0.01862406)
(0.037 0.005650244 0.01864923)
(0.037 0.01614698 0.01916182)
(0.037 0.003928412 0.01437037)
(0.037 0.02797971 0.0192148)
(0.037 0.03452544 0.01893004)
(0.037 0.01505319 0.01347427)
(0.037 0.02885735 0.01284527)
(0.037 0.005956756 0.01260492)
(0.037 0.03276973 0.01292353)
(0.037 0.00824817 0.012836)
(0.037 0.02077878 0.01593256)
(0.037 0.03366226 0.01618201)
(0.037 0.02767785 0.01628111)
(0.037 0.006604088 0.01565185)
(0.037 0.01051609 0.01237945)
(0.037 0.01260943 0.01315354)
(0.037 0.01786028 0.01389492)
(0.037 0.02030252 0.01240478)
(0.037 0.02293416 0.01319693)
(0.037 0.02578598 0.01332364)
(0.037 0.01272111 0.01642274)
(0.037 0.009819104 0.01559572)
(0.037 0.02419679 0.0163688)
(0.037 0.03083361 0.01580151)
(0.037 0.01574581 0.01650317)
(0.035 0.001451137 0.009282161)
(0.035 0.001653991 0.01111159)
(0.035 0.00176571 0.01324602)
(0.035 0.001837303 0.01546357)
(0.035 0.001799227 0.01771324)
(0.035 0.00161517 0.01984385)
(0.035 0.001315979 0.02165275)
(0.035 0.002655436 0.007591346)
(0.035 0.007289083 0.00784097)
(0.035 0.01140461 0.007505705)
(0.035 0.01543879 0.008020704)
(0.035 0.02008164 0.007557349)
(0.035 0.02410515 0.007831306)
(0.035 0.02813147 0.007542282)
(0.035 0.03270361 0.008058068)
(0.035 0.0372232 0.007714406)
(0.035 0.03858534 0.01140811)
(0.035 0.03828504 0.01551582)
(0.035 0.03848981 0.01986566)
(0.035 0.03875803 0.02164336)
(0.035 0.003076829 0.02133551)
(0.035 0.005104223 0.0213067)
(0.035 0.007477925 0.02131083)
(0.035 0.009586763 0.02118046)
(0.035 0.01172804 0.02110669)
(0.035 0.01388727 0.02104952)
(0.035 0.01599681 0.02096844)
(0.035 0.01821856 0.02111761)
(0.035 0.02038746 0.02128209)
(0.035 0.02242282 0.02122868)
(0.035 0.02455836 0.0211307)
(0.035 0.02661705 0.02091235)
(0.035 0.02872183 0.02080967)
(0.035 0.03095665 0.02093815)
(0.035 0.03303579 0.02140391)
(0.035 0.03511312 0.02149828)
(0.035 0.03709506 0.02134719)
(0.035 0.009457914 0.007840645)
(0.035 0.004901318 0.007726764)
(0.035 0.01329758 0.007922991)
(0.035 0.01801866 0.008390764)
(0.035 0.02203918 0.007833503)
(0.035 0.02625841 0.007736949)
(0.035 0.03028675 0.008512343)
(0.035 0.03497211 0.007714603)
(0.035 0.03820222 0.009618296)
(0.035 0.03830803 0.01332543)
(0.035 0.03833189 0.01778141)
(0.035 0.01621669 0.01029076)
(0.035 0.003835965 0.01182778)
(0.035 0.004065943 0.01413801)
(0.035 0.004061026 0.01650918)
(0.035 0.003959732 0.01904598)
(0.035 0.008386636 0.0101116)
(0.035 0.02034579 0.009936269)
(0.035 0.03611662 0.01430706)
(0.035 0.01382414 0.01041762)
(0.035 0.02517789 0.009973361)
(0.035 0.01117999 0.0100494)
(0.035 0.03411185 0.01015314)
(0.035 0.03619107 0.00933271)
(0.035 0.03643443 0.01670787)
(0.035 0.005836199 0.009843619)
(0.035 0.03165366 0.01102152)
(0.035 0.03645672 0.01163543)
(0.035 0.003408837 0.009601552)
(0.035 0.02768751 0.009560366)
(0.035 0.006289049 0.01966095)
(0.035 0.008488241 0.01909445)
(0.035 0.01073985 0.01894346)
(0.035 0.01313854 0.0188522)
(0.035 0.01543447 0.0185576)
(0.035 0.01766543 0.01868498)
(0.035 0.01960127 0.01940543)
(0.035 0.0216429 0.01896166)
(0.035 0.02365136 0.01921564)
(0.035 0.02565287 0.01833818)
(0.035 0.02809328 0.01796751)
(0.035 0.03051598 0.01817784)
(0.035 0.03246462 0.01905669)
(0.035 0.03434425 0.01999079)
(0.035 0.02276027 0.0103024)
(0.035 0.0182719 0.01184299)
(0.035 0.03660522 0.01921568)
(0.035 0.02915628 0.0119244)
(0.035 0.03320449 0.01591301)
(0.035 0.02090394 0.01325229)
(0.035 0.006444405 0.01231796)
(0.035 0.03354732 0.01302771)
(0.035 0.00656545 0.01739815)
(0.035 0.017524 0.01549666)
(0.035 0.03047346 0.01472392)
(0.035 0.02658926 0.01199064)
(0.035 0.006716482 0.01495857)
(0.035 0.01228363 0.01324359)
(0.035 0.01539745 0.01294743)
(0.035 0.03462211 0.017933)
(0.035 0.009335183 0.01623163)
(0.035 0.01197933 0.01667614)
(0.035 0.01453728 0.0159857)
(0.035 0.02010714 0.0167695)
(0.035 0.02339246 0.01632223)
(0.035 0.02679267 0.01516316)
(0.035 0.02408249 0.01291666)
(0.035 0.009310916 0.01278284)
(0.032 0.00139994 0.009328241)
(0.032 0.001719912 0.01331372)
(0.032 0.001611869 0.01775572)
(0.032 0.002531481 0.007623008)
(0.032 0.004648627 0.007775294)
(0.032 0.006861399 0.00787)
(0.032 0.00894523 0.007820424)
(0.032 0.01101126 0.007846041)
(0.032 0.01304323 0.007910839)
(0.032 0.01506612 0.007962684)
(0.032 0.01706816 0.007991513)
(0.032 0.01916045 0.007804464)
(0.032 0.02127187 0.007728266)
(0.032 0.02325669 0.007867959)
(0.032 0.0252999 0.007982821)
(0.032 0.02736174 0.008043733)
(0.032 0.02935887 0.007961297)
(0.032 0.03128461 0.007455948)
(0.032 0.03311964 0.007783339)
(0.032 0.0351135 0.007799278)
(0.032 0.03709933 0.007645226)
(0.032 0.03876721 0.007370313)
(0.032 0.03846169 0.00915356)
(0.032 0.03824214 0.01126)
(0.032 0.03806626 0.01345582)
(0.032 0.03819741 0.01576481)
(0.032 0.03843624 0.01801725)
(0.032 0.03849797 0.0202019)
(0.032 0.002530248 0.02131884)
(0.032 0.006887533 0.02091361)
(0.032 0.01097795 0.02102736)
(0.032 0.01513832 0.02114021)
(0.032 0.01941098 0.02077396)
(0.032 0.02321754 0.02105908)
(0.032 0.02690608 0.020999)
(0.032 0.03087459 0.02053853)
(0.032 0.03507852 0.02105154)
(0.032 0.001626417 0.01122278)
(0.032 0.001730692 0.01563759)
(0.032 0.001396874 0.01964755)
(0.032 0.01300509 0.02118065)
(0.032 0.008946629 0.02096298)
(0.032 0.004661187 0.02113325)
(0.032 0.01729165 0.02083588)
(0.032 0.02132885 0.02125908)
(0.032 0.02505455 0.02152918)
(0.032 0.02883432 0.02117923)
(0.032 0.03301648 0.02067034)
(0.032 0.0369564 0.02142114)
(0.032 0.003256309 0.00969988)
(0.032 0.003650389 0.01206877)
(0.032 0.03673704 0.01935807)
(0.032 0.003250976 0.01925468)
(0.032 0.005459936 0.01003894)
(0.032 0.00762099 0.01005449)
(0.032 0.009862971 0.01006703)
(0.032 0.01198886 0.01027851)
(0.032 0.01413574 0.0104198)
(0.032 0.01630428 0.01053965)
(0.032 0.01836108 0.010284)
(0.032 0.02026718 0.009597136)
(0.032 0.0222666 0.01012994)
(0.032 0.02443651 0.01036553)
(0.032 0.02681965 0.01061269)
(0.032 0.02923595 0.01073137)
(0.032 0.03146575 0.009717263)
(0.032 0.0339709 0.01018059)
(0.032 0.03650629 0.009777742)
(0.032 0.03577851 0.01234852)
(0.032 0.03515861 0.0151692)
(0.032 0.0366986 0.01732031)
(0.032 0.01407235 0.01925279)
(0.032 0.01207325 0.01876525)
(0.032 0.02504427 0.0191807)
(0.032 0.009892811 0.01852025)
(0.032 0.007708957 0.0185384)
(0.032 0.01892053 0.0178394)
(0.032 0.02822167 0.01830038)
(0.032 0.02194109 0.01866308)
(0.032 0.03449242 0.01840287)
(0.032 0.003596484 0.01691333)
(0.032 0.005475895 0.01887142)
(0.032 0.01611925 0.01863283)
(0.032 0.03168195 0.01717444)
(0.032 0.003850961 0.01449077)
(0.032 0.01539829 0.01326297)
(0.032 0.02857875 0.01432034)
(0.032 0.03219113 0.0130583)
(0.032 0.0212195 0.0155797)
(0.032 0.006180034 0.01300584)
(0.032 0.006069883 0.01611337)
(0.032 0.01131011 0.0159992)
(0.032 0.01069048 0.01288796)
(0.032 0.01300631 0.01316956)
(0.032 0.01823905 0.01362622)
(0.032 0.02045135 0.01221564)
(0.032 0.02306585 0.01302055)
(0.032 0.02568742 0.01302512)
(0.032 0.01393511 0.0164592)
(0.032 0.008526271 0.01233918)
(0.032 0.008605137 0.01552706)
(0.032 0.02489124 0.0162084)
(0.032 0.01654399 0.01606445)
(0.03 0.001435075 0.009318044)
(0.03 0.001665135 0.01116621)
(0.03 0.001826192 0.01332046)
(0.03 0.001915031 0.01551907)
(0.03 0.001777471 0.01782409)
(0.03 0.001537743 0.01981019)
(0.03 0.001226675 0.02165307)
(0.03 0.002594054 0.007639105)
(0.03 0.006969745 0.007927969)
(0.03 0.01114248 0.007735206)
(0.03 0.01486413 0.00817125)
(0.03 0.01927549 0.008341103)
(0.03 0.02309232 0.007928532)
(0.03 0.02676553 0.007965422)
(0.03 0.03102924 0.007984329)
(0.03 0.03507564 0.007763744)
(0.03 0.03847806 0.008854873)
(0.03 0.03817843 0.01331941)
(0.03 0.0381616 0.01792834)
(0.03 0.003011237 0.02133373)
(0.03 0.004966678 0.02104315)
(0.03 0.007174781 0.02085288)
(0.03 0.00927254 0.02097699)
(0.03 0.01136837 0.02103458)
(0.03 0.01338183 0.02096595)
(0.03 0.01542089 0.02103856)
(0.03 0.01728445 0.02128448)
(0.03 0.01919793 0.02096022)
(0.03 0.02127237 0.02095594)
(0.03 0.02317764 0.02121198)
(0.03 0.02511382 0.0206741)
(0.03 0.02725173 0.02059253)
(0.03 0.02937076 0.02081758)
(0.03 0.03172003 0.02102101)
(0.03 0.03387686 0.0211411)
(0.03 0.03612445 0.02152801)
(0.03 0.0382347 0.02019632)
(0.03 0.009089506 0.007799422)
(0.03 0.004724245 0.007779531)
(0.03 0.01299896 0.007534071)
(0.03 0.01705655 0.008450328)
(0.03 0.02119208 0.007705161)
(0.03 0.02495513 0.007497773)
(0.03 0.0287629 0.007995379)
(0.03 0.03307744 0.007928926)
(0.03 0.03691241 0.00757837)
(0.03 0.03834145 0.01109159)
(0.03 0.03808592 0.01558352)
(0.03 0.00390706 0.0119854)
(0.03 0.004292042 0.01436206)
(0.03 0.004122794 0.01675988)
(0.03 0.003554057 0.01917032)
(0.03 0.003355516 0.0096903)
(0.03 0.01838609 0.01160098)
(0.03 0.01027164 0.009758835)
(0.03 0.0357516 0.01691647)
(0.03 0.02724241 0.01074584)
(0.03 0.02167302 0.01071414)
(0.03 0.03188827 0.01053027)
(0.03 0.01272043 0.01009697)
(0.03 0.01544206 0.01109029)
(0.03 0.03576511 0.01446778)
(0.03 0.03604328 0.0193543)
(0.03 0.02964017 0.01019108)
(0.03 0.00596106 0.01861118)
(0.03 0.008495336 0.0183437)
(0.03 0.0105698 0.01895108)
(0.03 0.01280088 0.01832102)
(0.03 0.01500882 0.01879174)
(0.03 0.01755303 0.01856568)
(0.03 0.02025766 0.01858647)
(0.03 0.0231275 0.01813394)
(0.03 0.02619063 0.01730937)
(0.03 0.02901985 0.0176414)
(0.03 0.03119755 0.01881901)
(0.03 0.03352276 0.01882075)
(0.03 0.008063861 0.01017467)
(0.03 0.0361567 0.01197764)
(0.03 0.0247124 0.009981986)
(0.03 0.03659432 0.009636801)
(0.03 0.005694117 0.009994457)
(0.03 0.03432777 0.01013687)
(0.03 0.03321219 0.01292898)
(0.03 0.03244548 0.01599046)
(0.03 0.006662175 0.01263259)
(0.03 0.01562057 0.01537425)
(0.03 0.02461372 0.013735)
(0.03 0.007286838 0.01567095)
(0.03 0.02018461 0.0151164)
(0.03 0.02922764 0.01366334)
(0.03 0.01097421 0.01598514)
(0.03 0.009933398 0.0126636)
(0.03 0.01299251 0.01311846)
(0.027 0.001402836 0.009321652)
(0.027 0.001733427 0.01328726)
(0.027 0.001618537 0.01774897)
(0.027 0.002534968 0.007618907)
(0.027 0.004657437 0.007773234)
(0.027 0.006871455 0.007868233)
(0.027 0.008936517 0.007772739)
(0.027 0.01095987 0.007668064)
(0.027 0.01302547 0.007747506)
(0.027 0.0149949 0.007957145)
(0.027 0.01698727 0.008014469)
(0.027 0.0191129 0.007770105)
(0.027 0.0211655 0.007676375)
(0.027 0.02313749 0.00779976)
(0.027 0.02513265 0.007849437)
(0.027 0.02711946 0.007806755)
(0.027 0.02916579 0.007877946)
(0.027 0.03124319 0.007917741)
(0.027 0.03326163 0.007827157)
(0.027 0.03521795 0.007787285)
(0.027 0.03714718 0.007634028)
(0.027 0.03878586 0.007359531)
(0.027 0.03850912 0.009135903)
(0.027 0.03834052 0.0112285)
(0.027 0.03821889 0.01339451)
(0.027 0.03830419 0.01572543)
(0.027 0.03841142 0.01796037)
(0.027 0.03846393 0.02014209)
(0.027 0.002534885 0.02131579)
(0.027 0.00690198 0.02088907)
(0.027 0.01096788 0.02105685)
(0.027 0.01509338 0.02123684)
(0.027 0.01917099 0.02099448)
(0.027 0.02326017 0.02099098)
(0.027 0.02719524 0.02141087)
(0.027 0.03096303 0.02088564)
(0.027 0.03499303 0.02097595)
(0.027 0.001633764 0.01120708)
(0.027 0.001745482 0.01562446)
(0.027 0.001401023 0.01964377)
(0.027 0.01297041 0.02126473)
(0.027 0.008962201 0.02099095)
(0.027 0.004670002 0.02112247)
(0.027 0.01717144 0.02094553)
(0.027 0.02126064 0.02101966)
(0.027 0.02521143 0.02120118)
(0.027 0.02900523 0.02158601)
(0.027 0.03296737 0.02065447)
(0.027 0.03691136 0.02130405)
(0.027 0.003266499 0.00968637)
(0.027 0.003679118 0.01204265)
(0.027 0.03661221 0.01919872)
(0.027 0.003258784 0.01924437)
(0.027 0.02044364 0.01879494)
(0.027 0.005501468 0.01003194)
(0.027 0.007700392 0.01005287)
(0.027 0.00991502 0.009925431)
(0.027 0.01190337 0.009625164)
(0.027 0.01383094 0.01036934)
(0.027 0.01602619 0.01064705)
(0.027 0.01818652 0.01029263)
(0.027 0.02013961 0.009569982)
(0.027 0.022083 0.01004033)
(0.027 0.02417134 0.01019112)
(0.027 0.02635016 0.01024)
(0.027 0.02830415 0.009965265)
(0.027 0.03034943 0.01062906)
(0.027 0.03238073 0.01004144)
(0.027 0.03448698 0.01026884)
(0.027 0.03665573 0.009780425)
(0.027 0.03608316 0.0122561)
(0.027 0.03581836 0.0149211)
(0.027 0.03666805 0.01713724)
(0.027 0.01402 0.01947337)
(0.027 0.01207444 0.01888216)
(0.027 0.02666261 0.01947499)
(0.027 0.009994646 0.01842845)
(0.027 0.007723723 0.01842899)
(0.027 0.02476227 0.0186713)
(0.027 0.01835354 0.01789466)
(0.027 0.02887853 0.01939328)
(0.027 0.02254503 0.01840885)
(0.027 0.03421662 0.01774262)
(0.027 0.003614626 0.01689513)
(0.027 0.005488341 0.01883897)
(0.027 0.01596747 0.01878129)
(0.027 0.03107779 0.01738233)
(0.027 0.003902651 0.0144599)
(0.027 0.01447641 0.01341023)
(0.027 0.02850439 0.01341525)
(0.027 0.03269097 0.01350546)
(0.027 0.006343385 0.01292184)
(0.027 0.008896057 0.01227045)
(0.027 0.020978 0.01576055)
(0.027 0.006118762 0.01608265)
(0.027 0.01160246 0.01594619)
(0.027 0.01155557 0.01244708)
(0.027 0.01779611 0.01354633)
(0.027 0.02026858 0.01219089)
(0.027 0.02280323 0.01286169)
(0.027 0.02549196 0.01262637)
(0.027 0.01393288 0.01697781)
(0.027 0.02452607 0.01577037)
(0.027 0.008864087 0.01539542)
(0.027 0.02746783 0.01689564)
(0.027 0.01613026 0.01606343)
(0.025 0.001437805 0.009317277)
(0.025 0.001675117 0.01117167)
(0.025 0.001837748 0.01333758)
(0.025 0.001902989 0.01556117)
(0.025 0.001760287 0.01781694)
(0.025 0.001536298 0.01984806)
(0.025 0.001261308 0.02165978)
(0.025 0.002570823 0.007620715)
(0.025 0.007011995 0.007914642)
(0.025 0.01115515 0.007741416)
(0.025 0.01488 0.008148092)
(0.025 0.01915462 0.007920784)
(0.025 0.02317545 0.008212346)
(0.025 0.02690481 0.007907753)
(0.025 0.03114745 0.007866296)
(0.025 0.03513767 0.007736296)
(0.025 0.03848484 0.008815663)
(0.025 0.03820122 0.01329826)
(0.025 0.03813979 0.01789697)
(0.025 0.00294726 0.02136283)
(0.025 0.004942767 0.02106135)
(0.025 0.007170098 0.02085364)
(0.025 0.009185234 0.02108529)
(0.025 0.01126454 0.02121754)
(0.025 0.01335868 0.02105568)
(0.025 0.01538705 0.02087113)
(0.025 0.01729432 0.02122456)
(0.025 0.01924236 0.02095723)
(0.025 0.02113274 0.02140938)
(0.025 0.0230207 0.0208477)
(0.025 0.02500598 0.02105155)
(0.025 0.02700307 0.02044241)
(0.025 0.0292112 0.0206476)
(0.025 0.03162791 0.02090808)
(0.025 0.03383213 0.02109638)
(0.025 0.03613295 0.02151446)
(0.025 0.03820581 0.02020981)
(0.025 0.009083537 0.007790256)
(0.025 0.004733649 0.007780837)
(0.025 0.01301386 0.007528296)
(0.025 0.01702079 0.008381596)
(0.025 0.02110281 0.008440577)
(0.025 0.02504301 0.007562296)
(0.025 0.02889558 0.007888373)
(0.025 0.03315961 0.007858664)
(0.025 0.03697085 0.007557752)
(0.025 0.03832154 0.01105235)
(0.025 0.0380822 0.01559463)
(0.025 0.003937079 0.0119995)
(0.025 0.004325116 0.01438924)
(0.025 0.004155965 0.01679184)
(0.025 0.003547599 0.01919426)
(0.025 0.003367187 0.009688619)
(0.025 0.01899317 0.01113471)
(0.025 0.01032856 0.009785758)
(0.025 0.03577732 0.01686422)
(0.025 0.02771609 0.01050097)
(0.025 0.02255881 0.01195815)
(0.025 0.0321044 0.01031097)
(0.025 0.01281905 0.01008815)
(0.025 0.01567837 0.01099826)
(0.025 0.03582205 0.0144015)
(0.025 0.03600653 0.0193229)
(0.025 0.02995311 0.00992175)
(0.025 0.0060114 0.0186749)
(0.025 0.008462671 0.01841694)
(0.025 0.0104626 0.01917671)
(0.025 0.01247558 0.0190752)
(0.025 0.01469411 0.01812306)
(0.025 0.01776861 0.01843078)
(0.025 0.02098764 0.01880027)
(0.025 0.02436851 0.01753664)
(0.025 0.02836444 0.01704579)
(0.025 0.03095721 0.018548)
(0.025 0.03342289 0.01871121)
(0.025 0.008118979 0.01021181)
(0.025 0.03628338 0.01187298)
(0.025 0.02520675 0.01011629)
(0.025 0.03667958 0.009643673)
(0.025 0.005729752 0.01000507)
(0.025 0.03445075 0.01004747)
(0.025 0.03341829 0.01275299)
(0.025 0.0324448 0.01579859)
(0.025 0.006738268 0.01266958)
(0.025 0.01628188 0.01485477)
(0.025 0.02624549 0.01350286)
(0.025 0.007418065 0.01570511)
(0.025 0.02021675 0.01531945)
(0.025 0.02994227 0.01305245)
(0.025 0.01156808 0.01618585)
(0.025 0.01013014 0.01275591)
(0.025 0.01336633 0.0130459)
(0.022 0.001381862 0.009310024)
(0.022 0.001715813 0.01326018)
(0.022 0.001659644 0.01774708)
(0.022 0.002545335 0.007624544)
(0.022 0.004634732 0.007743636)
(0.022 0.006844035 0.00785835)
(0.022 0.008898933 0.00779847)
(0.022 0.01096608 0.007818691)
(0.022 0.01302143 0.007881103)
(0.022 0.01504424 0.007963243)
(0.022 0.01704361 0.007997613)
(0.022 0.01911359 0.007740139)
(0.022 0.02119888 0.007709237)
(0.022 0.02317885 0.007873381)
(0.022 0.02515394 0.007919363)
(0.022 0.02711512 0.00780628)
(0.022 0.02916899 0.00780496)
(0.022 0.03125944 0.007824305)
(0.022 0.03327475 0.007749246)
(0.022 0.03521118 0.007749074)
(0.022 0.03709702 0.007638642)
(0.022 0.03882549 0.00735888)
(0.022 0.03851838 0.009162992)
(0.022 0.03834975 0.01121424)
(0.022 0.03820785 0.01338455)
(0.022 0.03820659 0.0156555)
(0.022 0.03835133 0.0179563)
(0.022 0.03851092 0.02016049)
(0.022 0.002604545 0.0212717)
(0.022 0.006992762 0.0208526)
(0.022 0.01103087 0.02116557)
(0.022 0.01507071 0.021206)
(0.022 0.01910489 0.02105152)
(0.022 0.02305266 0.02121706)
(0.022 0.02699873 0.02120939)
(0.022 0.0311767 0.02098085)
(0.022 0.03514435 0.02120855)
(0.022 0.001595751 0.01118544)
(0.022 0.001769903 0.01552907)
(0.022 0.001447664 0.01962324)
(0.022 0.01309251 0.02124601)
(0.022 0.009044223 0.02095638)
(0.022 0.004747305 0.02106829)
(0.022 0.0171777 0.02104175)
(0.022 0.02112728 0.02114013)
(0.022 0.025078 0.02123396)
(0.022 0.02904726 0.02113234)
(0.022 0.0331818 0.02105862)
(0.022 0.03694835 0.021431)
(0.022 0.003214896 0.009652466)
(0.022 0.003556366 0.01195995)
(0.022 0.00337046 0.01916828)
(0.022 0.003872055 0.01678895)
(0.022 0.0201796 0.01900371)
(0.022 0.005394348 0.00992658)
(0.022 0.007557105 0.01009349)
(0.022 0.009692551 0.01000805)
(0.022 0.01191997 0.01012672)
(0.022 0.01405137 0.01041247)
(0.022 0.01620948 0.01058163)
(0.022 0.01829407 0.01033147)
(0.022 0.02020635 0.009615238)
(0.022 0.02215983 0.01018101)
(0.022 0.02427847 0.01045544)
(0.022 0.02643437 0.01039867)
(0.022 0.02834819 0.009822271)
(0.022 0.03041608 0.01033965)
(0.022 0.03242177 0.009830841)
(0.022 0.03450954 0.01012463)
(0.022 0.0366642 0.009736893)
(0.022 0.03612026 0.01210534)
(0.022 0.03589049 0.0145703)
(0.022 0.03636926 0.017139)
(0.022 0.0367199 0.01935724)
(0.022 0.01413667 0.0189449)
(0.022 0.01217305 0.01929366)
(0.022 0.02602165 0.01880446)
(0.022 0.01025847 0.01859565)
(0.022 0.008027702 0.01839497)
(0.022 0.02408906 0.01930669)
(0.022 0.0181853 0.01814594)
(0.022 0.02218614 0.01872923)
(0.022 0.03223656 0.01863328)
(0.022 0.02998275 0.01863831)
(0.022 0.005700814 0.01869568)
(0.022 0.01614015 0.01917812)
(0.022 0.003928034 0.01437358)
(0.022 0.02798986 0.01922726)
(0.022 0.03452913 0.01893278)
(0.022 0.01505788 0.01343214)
(0.022 0.02887993 0.01283285)
(0.022 0.005952908 0.01260699)
(0.022 0.03277147 0.01292533)
(0.022 0.008237453 0.01282546)
(0.022 0.02084445 0.01597501)
(0.022 0.03366858 0.01618627)
(0.022 0.02772968 0.01630748)
(0.022 0.0066 0.0156641)
(0.022 0.0104957 0.01231555)
(0.022 0.01266627 0.01308803)
(0.022 0.01781721 0.01378606)
(0.022 0.02032497 0.01232345)
(0.022 0.02291193 0.01314088)
(0.022 0.02584227 0.01324191)
(0.022 0.01271956 0.01647007)
(0.022 0.009747444 0.01566508)
(0.022 0.02417486 0.0164459)
(0.022 0.03085023 0.01580749)
(0.022 0.01563674 0.01652624)
(0.02 0.001452823 0.009283096)
(0.02 0.001656368 0.01111283)
(0.02 0.001768347 0.01324681)
(0.02 0.001840187 0.01546371)
(0.02 0.001801863 0.01771237)
(0.02 0.001617003 0.01984279)
(0.02 0.00131683 0.02165212)
(0.02 0.002656937 0.007592232)
(0.02 0.007292759 0.007847157)
(0.02 0.01140486 0.007512373)
(0.02 0.01543219 0.00808094)
(0.02 0.02007857 0.007564711)
(0.02 0.02410414 0.007841447)
(0.02 0.02819521 0.00752906)
(0.02 0.03270531 0.008060611)
(0.02 0.03722301 0.007714547)
(0.02 0.03858525 0.01140816)
(0.02 0.03828495 0.01551587)
(0.02 0.03848971 0.01986561)
(0.02 0.03875798 0.02164333)
(0.02 0.003079062 0.02133403)
(0.02 0.00510858 0.02130323)
(0.02 0.007483609 0.02130522)
(0.02 0.009591853 0.0211714)
(0.02 0.01172909 0.0210973)
(0.02 0.0138846 0.02103946)
(0.02 0.01599418 0.02095873)
(0.02 0.01821708 0.02110958)
(0.02 0.02038568 0.02127654)
(0.02 0.02242209 0.02122296)
(0.02 0.02455531 0.02112213)
(0.02 0.02661306 0.02090624)
(0.02 0.02871909 0.02080797)
(0.02 0.03095525 0.02093775)
(0.02 0.03303517 0.02140374)
(0.02 0.03511282 0.02149813)
(0.02 0.03709495 0.02134712)
(0.02 0.009459615 0.007847744)
(0.02 0.004904108 0.007729304)
(0.02 0.01329621 0.007933337)
(0.02 0.01801592 0.008403051)
(0.02 0.02203235 0.007839957)
(0.02 0.02621373 0.007741178)
(0.02 0.03029528 0.008521931)
(0.02 0.03497228 0.00771511)
(0.02 0.03820205 0.009618378)
(0.02 0.03830796 0.0133255)
(0.02 0.03833175 0.01778138)
(0.02 0.01621088 0.01031411)
(0.02 0.00384337 0.0118309)
(0.02 0.004072749 0.01413934)
(0.02 0.004069356 0.01650839)
(0.02 0.003966698 0.01904204)
(0.02 0.008398747 0.01013296)
(0.02 0.02034547 0.009958608)
(0.02 0.03611654 0.01430732)
(0.02 0.0138084 0.01045351)
(0.02 0.0251622 0.01000427)
(0.02 0.0111808 0.01007407)
(0.02 0.03411108 0.01015494)
(0.02 0.03619067 0.009333105)
(0.02 0.03643411 0.01670787)
(0.02 0.005844057 0.00985087)
(0.02 0.03165177 0.01103155)
(0.02 0.03645649 0.0116356)
(0.02 0.003412761 0.009603983)
(0.02 0.02769332 0.009664012)
(0.02 0.006299207 0.01965356)
(0.02 0.008502741 0.01907552)
(0.02 0.01075048 0.0189149)
(0.02 0.01312967 0.01882737)
(0.02 0.01542249 0.01853722)
(0.02 0.01766435 0.01866598)
(0.02 0.01960114 0.01939069)
(0.02 0.02164028 0.01895506)
(0.02 0.02364484 0.01919448)
(0.02 0.02564069 0.01831791)
(0.02 0.02808657 0.01796581)
(0.02 0.03051284 0.01817859)
(0.02 0.03246319 0.01905623)
(0.02 0.03434354 0.01999061)
(0.02 0.02275086 0.01032186)
(0.02 0.01827619 0.01187238)
(0.02 0.0366049 0.01921558)
(0.02 0.02915007 0.01196324)
(0.02 0.03320411 0.01591351)
(0.02 0.02094422 0.01332285)
(0.02 0.006462797 0.0123279)
(0.02 0.03354707 0.01302923)
(0.02 0.006588145 0.01738782)
(0.02 0.01750783 0.01549589)
(0.02 0.03047305 0.0147338)
(0.02 0.02655661 0.01204491)
(0.02 0.00673004 0.01495888)
(0.02 0.01222985 0.0133679)
(0.02 0.01537385 0.01297143)
(0.02 0.0346215 0.01793302)
(0.02 0.009399646 0.01618123)
(0.02 0.01198037 0.01659297)
(0.02 0.0144727 0.01597585)
(0.02 0.02013843 0.01673741)
(0.02 0.02333414 0.01626692)
(0.02 0.02677777 0.01517458)
(0.02 0.02403339 0.01297128)
(0.02 0.009350518 0.01284183)
(0.017 0.001393254 0.009319984)
(0.017 0.001711244 0.01329165)
(0.017 0.001609985 0.01774969)
(0.017 0.002526879 0.007617098)
(0.017 0.00464178 0.007768251)
(0.017 0.006852193 0.007862849)
(0.017 0.008934204 0.007811222)
(0.017 0.01100079 0.007835049)
(0.017 0.01303403 0.007895848)
(0.017 0.01506099 0.007945949)
(0.017 0.01706369 0.007977524)
(0.017 0.01915842 0.007792601)
(0.017 0.02127044 0.007718527)
(0.017 0.02325842 0.007859825)
(0.017 0.02530363 0.007976443)
(0.017 0.02736727 0.008036211)
(0.017 0.02936332 0.007957994)
(0.017 0.03128708 0.007454514)
(0.017 0.03312168 0.007781891)
(0.017 0.03511472 0.007798527)
(0.017 0.03709994 0.007644874)
(0.017 0.03876746 0.007370132)
(0.017 0.03846219 0.009153232)
(0.017 0.0382429 0.01125964)
(0.017 0.038067 0.01345558)
(0.017 0.03819794 0.01576477)
(0.017 0.03843662 0.0180173)
(0.017 0.03849816 0.02020196)
(0.017 0.002528677 0.02131863)
(0.017 0.006880972 0.02091718)
(0.017 0.01097058 0.02103768)
(0.017 0.01513143 0.02115286)
(0.017 0.01940918 0.02079692)
(0.017 0.023218 0.02106828)
(0.017 0.02690827 0.02100836)
(0.017 0.03087596 0.02054261)
(0.017 0.03507888 0.0210518)
(0.017 0.001617728 0.01120764)
(0.017 0.001727464 0.0156129)
(0.017 0.001395733 0.01964596)
(0.017 0.01299818 0.02119097)
(0.017 0.008937818 0.02097232)
(0.017 0.004657418 0.02113418)
(0.017 0.0172857 0.02085536)
(0.017 0.02132986 0.02126782)
(0.017 0.02505596 0.02153786)
(0.017 0.02883612 0.02118459)
(0.017 0.03301698 0.02067136)
(0.017 0.03695661 0.02142125)
(0.017 0.003242131 0.009683008)
(0.017 0.003629579 0.01203763)
(0.017 0.03673762 0.01935817)
(0.017 0.003247051 0.01925345)
(0.017 0.00544033 0.01002374)
(0.017 0.007595353 0.0100408)
(0.017 0.009834631 0.01004066)
(0.017 0.01196487 0.01024841)
(0.017 0.01411977 0.01036536)
(0.017 0.01629241 0.01050379)
(0.017 0.01835401 0.01024762)
(0.017 0.02026129 0.009577578)
(0.017 0.02226384 0.01009931)
(0.017 0.02444463 0.0103497)
(0.017 0.02683787 0.01059002)
(0.017 0.02924833 0.01072261)
(0.017 0.03147187 0.009713862)
(0.017 0.03397451 0.01017865)
(0.017 0.03650784 0.009776983)
(0.017 0.03578111 0.01234747)
(0.017 0.03516062 0.01516872)
(0.017 0.03669955 0.01732029)
(0.017 0.01405898 0.0192737)
(0.017 0.01205641 0.01878837)
(0.017 0.0250541 0.01920964)
(0.017 0.009867765 0.01855213)
(0.017 0.007692678 0.01854586)
(0.017 0.01891559 0.01793279)
(0.017 0.02823201 0.01831848)
(0.017 0.02194604 0.01868414)
(0.017 0.03449375 0.01840343)
(0.017 0.003588611 0.01690659)
(0.017 0.005466876 0.01887371)
(0.017 0.01610386 0.01867082)
(0.017 0.03168618 0.01717729)
(0.017 0.003828803 0.01447197)
(0.017 0.0153449 0.01317556)
(0.017 0.02860914 0.01431286)
(0.017 0.03220043 0.01305471)
(0.017 0.0212317 0.01560564)
(0.017 0.006134387 0.01298696)
(0.017 0.006052754 0.01611165)
(0.017 0.01122943 0.01607904)
(0.017 0.01061633 0.01282485)
(0.017 0.01300493 0.01307013)
(0.017 0.01824925 0.01350877)
(0.017 0.02044798 0.01218138)
(0.017 0.02303996 0.01294047)
(0.017 0.02575041 0.01299372)
(0.017 0.01392449 0.01649443)
(0.017 0.008479199 0.01231813)
(0.017 0.008572692 0.01552494)
(0.017 0.02495965 0.01629508)
(0.017 0.01647617 0.01611863)
(0.015 0.001433987 0.009317381)
(0.015 0.001663773 0.01116532)
(0.015 0.001824823 0.01331959)
(0.015 0.001913823 0.0155183)
(0.015 0.001776435 0.01782358)
(0.015 0.001537141 0.01981008)
(0.015 0.001226503 0.02165309)
(0.015 0.002593003 0.007638429)
(0.015 0.006966764 0.007923278)
(0.015 0.0111424 0.007729506)
(0.015 0.01486855 0.008162401)
(0.015 0.0192816 0.008327059)
(0.015 0.02309583 0.007925822)
(0.015 0.02676816 0.007963273)
(0.015 0.03103086 0.007983231)
(0.015 0.0350762 0.007763437)
(0.015 0.03847825 0.008854758)
(0.015 0.03817873 0.0133193)
(0.015 0.03816188 0.01792835)
(0.015 0.003010694 0.02133353)
(0.015 0.004965233 0.02104283)
(0.015 0.007171577 0.02085534)
(0.015 0.009269566 0.02098353)
(0.015 0.01136789 0.02104184)
(0.015 0.01338372 0.02097094)
(0.015 0.0154251 0.02104224)
(0.015 0.01728977 0.02128663)
(0.015 0.01920472 0.02096331)
(0.015 0.02127967 0.02096116)
(0.015 0.02318349 0.02121571)
(0.015 0.0251195 0.02067846)
(0.015 0.027255 0.02059567)
(0.015 0.02937273 0.02081847)
(0.015 0.03172116 0.02102138)
(0.015 0.03387752 0.02114127)
(0.015 0.03612471 0.02152811)
(0.015 0.03823489 0.02019637)
(0.015 0.009087343 0.007792879)
(0.015 0.004722231 0.007777599)
(0.015 0.01300039 0.007528658)
(0.015 0.01706395 0.008433002)
(0.015 0.02119645 0.007700585)
(0.015 0.02495759 0.007496186)
(0.015 0.02876488 0.007994023)
(0.015 0.0330785 0.007928307)
(0.015 0.03691268 0.007578185)
(0.015 0.03834171 0.01109146)
(0.015 0.03808623 0.01558346)
(0.015 0.003902812 0.01198269)
(0.015 0.004288765 0.0143598)
(0.015 0.00412004 0.01675796)
(0.015 0.003551947 0.01916908)
(0.015 0.003352983 0.009688464)
(0.015 0.01841235 0.01154143)
(0.015 0.01026588 0.009742808)
(0.015 0.03575244 0.01691644)
(0.015 0.02724806 0.01074206)
(0.015 0.02168544 0.01070455)
(0.015 0.03189052 0.01052882)
(0.015 0.01272513 0.01007696)
(0.015 0.01547196 0.01105989)
(0.015 0.03576595 0.01446756)
(0.015 0.03604396 0.01935441)
(0.015 0.02964376 0.0101887)
(0.015 0.005956701 0.01860921)
(0.015 0.008487681 0.01835744)
(0.015 0.01056598 0.01897212)
(0.015 0.01279838 0.01833842)
(0.015 0.01501584 0.01880312)
(0.015 0.01756746 0.01857261)
(0.015 0.0202787 0.01859773)
(0.015 0.02314626 0.01814687)
(0.015 0.02619992 0.01731515)
(0.015 0.02902555 0.01764275)
(0.015 0.03120024 0.01881961)
(0.015 0.03352432 0.018821)
(0.015 0.008055299 0.01015983)
(0.015 0.03615747 0.01197733)
(0.015 0.02471886 0.009978045)
(0.015 0.03659488 0.009636519)
(0.015 0.005688985 0.009988872)
(0.015 0.03432897 0.01013629)
(0.015 0.03321394 0.01292827)
(0.015 0.03244765 0.01599032)
(0.015 0.006650488 0.01262386)
(0.015 0.01565078 0.01540894)
(0.015 0.02463322 0.01373685)
(0.015 0.007282488 0.01566866)
(0.015 0.02025643 0.01514485)
(0.015 0.0292329 0.01366214)
(0.015 0.01092912 0.01605395)
(0.015 0.00989306 0.01262838)
(0.015 0.01305167 0.0130355)
(0.012 0.001401874 0.009308641)
(0.012 0.001750108 0.01328304)
(0.012 0.001620134 0.01774926)
(0.012 0.002538689 0.007616951)
(0.012 0.004660561 0.007772601)
(0.012 0.006877336 0.007868971)
(0.012 0.008941249 0.007779804)
(0.012 0.0109635 0.007679104)
(0.012 0.01302609 0.007760123)
(0.012 0.01499442 0.00797235)
(0.012 0.01698424 0.008030829)
(0.012 0.01910917 0.00778474)
(0.012 0.02116025 0.007689793)
(0.012 0.02313069 0.00780731)
(0.012 0.02512718 0.007854637)
(0.012 0.0271131 0.007813692)
(0.012 0.02916022 0.007883162)
(0.012 0.03123944 0.00792053)
(0.012 0.0332594 0.007828884)
(0.012 0.03521678 0.007788083)
(0.012 0.03714665 0.007634377)
(0.012 0.03878565 0.007359699)
(0.012 0.03850871 0.009136209)
(0.012 0.03834 0.01122886)
(0.012 0.03821841 0.01339487)
(0.012 0.03830384 0.0157257)
(0.012 0.03841122 0.01796052)
(0.012 0.03846383 0.02014215)
(0.012 0.002535588 0.02131551)
(0.012 0.006906071 0.02088513)
(0.012 0.01097128 0.02104552)
(0.012 0.01509125 0.02122193)
(0.012 0.01916461 0.02097423)
(0.012 0.02325567 0.02097654)
(0.012 0.02719218 0.02140588)
(0.012 0.03096075 0.02088287)
(0.012 0.03499267 0.02097582)
(0.012 0.001619054 0.01115566)
(0.012 0.001747412 0.01562625)
(0.012 0.001401821 0.01964363)
(0.012 0.01297139 0.02125044)
(0.012 0.008966984 0.02098212)
(0.012 0.004671938 0.02112136)
(0.012 0.01716827 0.02092738)
(0.012 0.02125565 0.02100153)
(0.012 0.02520724 0.02119228)
(0.012 0.02900306 0.02158297)
(0.012 0.03296622 0.02065323)
(0.012 0.03691122 0.02130408)
(0.012 0.003274963 0.009691534)
(0.012 0.003764333 0.01204098)
(0.012 0.03661187 0.01919895)
(0.012 0.003260793 0.01924398)
(0.012 0.02042946 0.01875753)
(0.012 0.005517507 0.01002168)
(0.012 0.0077081 0.01006422)
(0.012 0.009924967 0.009946507)
(0.012 0.01190766 0.00965689)
(0.012 0.01382994 0.01040102)
(0.012 0.01602196 0.01070139)
(0.012 0.01817864 0.01032886)
(0.012 0.02013122 0.009602804)
(0.012 0.02207182 0.01007117)
(0.012 0.02415787 0.01019578)
(0.012 0.02633283 0.01026296)
(0.012 0.02829175 0.009976375)
(0.012 0.03034081 0.01063692)
(0.012 0.03237572 0.01004538)
(0.012 0.0344842 0.01027069)
(0.012 0.0366545 0.00978117)
(0.012 0.03608167 0.01225711)
(0.012 0.03581715 0.01492204)
(0.012 0.03666751 0.01713771)
(0.012 0.01401801 0.01944062)
(0.012 0.0120786 0.01884815)
(0.012 0.02665717 0.01946286)
(0.012 0.01001023 0.0184008)
(0.012 0.007732959 0.01841666)
(0.012 0.02475571 0.01864274)
(0.012 0.01833674 0.01781377)
(0.012 0.02887314 0.01938507)
(0.012 0.02253671 0.01836666)
(0.012 0.03421536 0.01774258)
(0.012 0.003621068 0.01689735)
(0.012 0.005494436 0.01883692)
(0.012 0.0159614 0.01874934)
(0.012 0.03107287 0.01737771)
(0.012 0.003907745 0.01446747)
(0.012 0.01442953 0.01348029)
(0.012 0.02848186 0.01342342)
(0.012 0.03268642 0.01350882)
(0.012 0.006353923 0.01293656)
(0.012 0.008915801 0.01228576)
(0.012 0.02091056 0.01570976)
(0.012 0.006137832 0.01607889)
(0.012 0.01165331 0.01584909)
(0.012 0.011572 0.01253776)
(0.012 0.01783414 0.01364311)
(0.012 0.02024586 0.01226182)
(0.012 0.02282701 0.01289167)
(0.012 0.02542643 0.01265394)
(0.012 0.01392412 0.01690751)
(0.012 0.0245169 0.01570131)
(0.012 0.008924108 0.01538698)
(0.012 0.02745567 0.01687988)
(0.012 0.01618196 0.01604903)
(0.01 0.001450805 0.009282036)
(0.01 0.001653502 0.01111144)
(0.01 0.001765048 0.01324597)
(0.01 0.001836587 0.01546367)
(0.01 0.001798635 0.01771345)
(0.01 0.00161483 0.01984404)
(0.01 0.001315823 0.02165286)
(0.01 0.002655129 0.007591234)
(0.01 0.00728773 0.007840326)
(0.01 0.01140202 0.007504075)
(0.01 0.01543447 0.008008647)
(0.01 0.02008302 0.007551988)
(0.01 0.02412475 0.007826618)
(0.01 0.02821319 0.007516886)
(0.01 0.03270499 0.008057165)
(0.01 0.03722362 0.007714067)
(0.01 0.03858574 0.01140783)
(0.01 0.03828391 0.01551622)
(0.01 0.03848807 0.01986596)
(0.01 0.03875759 0.02164348)
(0.01 0.003076414 0.02133576)
(0.01 0.005103349 0.02130726)
(0.01 0.007476415 0.02131166)
(0.01 0.009584418 0.0211823)
(0.01 0.01172492 0.02110984)
(0.01 0.01388356 0.02105445)
(0.01 0.01599483 0.02097379)
(0.01 0.01821803 0.02112424)
(0.01 0.02038759 0.02129272)
(0.01 0.02242551 0.02123686)
(0.01 0.02455913 0.02113146)
(0.01 0.02661638 0.02091339)
(0.01 0.02872358 0.02081535)
(0.01 0.03095866 0.02094042)
(0.01 0.03303604 0.02140509)
(0.01 0.03511196 0.02150018)
(0.01 0.03709372 0.02134916)
(0.01 0.009455849 0.007839306)
(0.01 0.004900653 0.00772647)
(0.01 0.01329415 0.007911744)
(0.01 0.01801806 0.008373813)
(0.01 0.02203962 0.007824136)
(0.01 0.02622883 0.007727877)
(0.01 0.03028954 0.008511291)
(0.01 0.0349729 0.007714094)
(0.01 0.03820292 0.00961797)
(0.01 0.03830801 0.0133253)
(0.01 0.03832988 0.01778176)
(0.01 0.016206 0.0102643)
(0.01 0.003834403 0.01182756)
(0.01 0.004064067 0.01413811)
(0.01 0.004059165 0.01650961)
(0.01 0.003958438 0.01904659)
(0.01 0.008382791 0.0101102)
(0.01 0.02036076 0.009924649)
(0.01 0.03611633 0.01430672)
(0.01 0.01381461 0.01039668)
(0.01 0.02518035 0.009966687)
(0.01 0.01117259 0.01004583)
(0.01 0.03411396 0.01015166)
(0.01 0.03619226 0.009331858)
(0.01 0.03643033 0.01670835)
(0.01 0.00583432 0.009842989)
(0.01 0.03165837 0.01101827)
(0.01 0.03645823 0.0116342)
(0.01 0.003408028 0.009601281)
(0.01 0.02771029 0.00963849)
(0.01 0.006286912 0.01966199)
(0.01 0.008484481 0.01909671)
(0.01 0.01073366 0.01894859)
(0.01 0.01312989 0.01886054)
(0.01 0.01542337 0.01857694)
(0.01 0.01766866 0.01869709)
(0.01 0.01960545 0.01942416)
(0.01 0.02164586 0.01899624)
(0.01 0.02364928 0.01921754)
(0.01 0.0256474 0.01833299)
(0.01 0.02810022 0.01799102)
(0.01 0.03052124 0.01818494)
(0.01 0.03246728 0.01905846)
(0.01 0.0343438 0.01999285)
(0.01 0.02276279 0.01027469)
(0.01 0.0182956 0.01177211)
(0.01 0.03660119 0.01921659)
(0.01 0.02916958 0.01191557)
(0.01 0.03320655 0.01591426)
(0.01 0.02100626 0.01326641)
(0.01 0.00644054 0.01231755)
(0.01 0.03355208 0.01302598)
(0.01 0.006561922 0.01739948)
(0.01 0.01746426 0.01559119)
(0.01 0.03049023 0.01472697)
(0.01 0.02661641 0.01195501)
(0.01 0.006712222 0.0149594)
(0.01 0.01226057 0.01324456)
(0.01 0.01533495 0.01293415)
(0.01 0.0346188 0.01793518)
(0.01 0.009326723 0.01623521)
(0.01 0.01196456 0.01668292)
(0.01 0.01451139 0.01600188)
(0.01 0.02016954 0.01680736)
(0.01 0.02331702 0.01631582)
(0.01 0.02685283 0.01521594)
(0.01 0.02400274 0.01290395)
(0.01 0.009301408 0.01278214)
(0.007 0.00139994 0.009328241)
(0.007 0.001719912 0.01331372)
(0.007 0.001611869 0.01775572)
(0.007 0.002531481 0.007623008)
(0.007 0.004648627 0.007775294)
(0.007 0.006861399 0.00787)
(0.007 0.00894523 0.007820424)
(0.007 0.01101126 0.007846041)
(0.007 0.01304323 0.007910839)
(0.007 0.01506612 0.007962684)
(0.007 0.01706816 0.007991513)
(0.007 0.01916045 0.007804464)
(0.007 0.02127187 0.007728266)
(0.007 0.02325669 0.007867959)
(0.007 0.0252999 0.007982821)
(0.007 0.02736174 0.008043733)
(0.007 0.02935887 0.007961297)
(0.007 0.03128461 0.007455948)
(0.007 0.03311964 0.007783339)
(0.007 0.0351135 0.007799278)
(0.007 0.03709933 0.007645226)
(0.007 0.03876721 0.007370313)
(0.007 0.03846169 0.00915356)
(0.007 0.03824214 0.01126)
(0.007 0.03806626 0.01345582)
(0.007 0.03819741 0.01576481)
(0.007 0.03843624 0.01801725)
(0.007 0.03849797 0.0202019)
(0.007 0.002530248 0.02131884)
(0.007 0.006887533 0.02091361)
(0.007 0.01097795 0.02102736)
(0.007 0.01513832 0.02114021)
(0.007 0.01941098 0.02077396)
(0.007 0.02321754 0.02105908)
(0.007 0.02690608 0.020999)
(0.007 0.03087459 0.02053853)
(0.007 0.03507852 0.02105154)
(0.007 0.001626417 0.01122278)
(0.007 0.001730692 0.01563759)
(0.007 0.001396874 0.01964755)
(0.007 0.01300509 0.02118065)
(0.007 0.008946629 0.02096298)
(0.007 0.004661187 0.02113325)
(0.007 0.01729165 0.02083588)
(0.007 0.02132885 0.02125908)
(0.007 0.02505455 0.02152918)
(0.007 0.02883432 0.02117923)
(0.007 0.03301648 0.02067034)
(0.007 0.0369564 0.02142114)
(0.007 0.003256309 0.00969988)
(0.007 0.003650389 0.01206877)
(0.007 0.03673704 0.01935807)
(0.007 0.003250976 0.01925468)
(0.007 0.005459936 0.01003894)
(0.007 0.00762099 0.01005449)
(0.007 0.009862971 0.01006703)
(0.007 0.01198886 0.01027851)
(0.007 0.01413574 0.0104198)
(0.007 0.01630428 0.01053965)
(0.007 0.01836108 0.010284)
(0.007 0.02026718 0.009597136)
(0.007 0.0222666 0.01012994)
(0.007 0.02443651 0.01036553)
(0.007 0.02681965 0.01061269)
(0.007 0.02923595 0.01073137)
(0.007 0.03146575 0.009717263)
(0.007 0.0339709 0.01018059)
(0.007 0.03650629 0.009777742)
(0.007 0.03577851 0.01234852)
(0.007 0.03515861 0.0151692)
(0.007 0.0366986 0.01732031)
(0.007 0.01407235 0.01925279)
(0.007 0.01207325 0.01876525)
(0.007 0.02504427 0.0191807)
(0.007 0.009892811 0.01852025)
(0.007 0.007708957 0.0185384)
(0.007 0.01892053 0.0178394)
(0.007 0.02822167 0.01830038)
(0.007 0.02194109 0.01866308)
(0.007 0.03449242 0.01840287)
(0.007 0.003596484 0.01691333)
(0.007 0.005475895 0.01887142)
(0.007 0.01611925 0.01863283)
(0.007 0.03168195 0.01717444)
(0.007 0.003850961 0.01449077)
(0.007 0.01539829 0.01326297)
(0.007 0.02857875 0.01432034)
(0.007 0.03219113 0.0130583)
(0.007 0.0212195 0.0155797)
(0.007 0.006180034 0.01300584)
(0.007 0.006069883 0.01611337)
(0.007 0.01131011 0.0159992)
(0.007 0.01069048 0.01288796)
(0.007 0.01300631 0.01316956)
(0.007 0.01823905 0.01362622)
(0.007 0.02045135 0.01221564)
(0.007 0.02306585 0.01302055)
(0.007 0.02568742 0.01302512)
(0.007 0.01393511 0.0164592)
(0.007 0.008526271 0.01233918)
(0.007 0.008605137 0.01552706)
(0.007 0.02489124 0.0162084)
(0.007 0.01654399 0.01606445)
(0.005 0.001435075 0.009318044)
(0.005 0.001665135 0.01116621)
(0.005 0.001826192 0.01332046)
(0.005 0.001915031 0.01551907)
(0.005 0.001777471 0.01782409)
(0.005 0.001537743 0.01981019)
(0.005 0.001226675 0.02165307)
(0.005 0.002594054 0.007639105)
(0.005 0.006969745 0.007927969)
(0.005 0.01114248 0.007735206)
(0.005 0.01486413 0.00817125)
(0.005 0.01927549 0.008341103)
(0.005 0.02309232 0.007928532)
(0.005 0.02676553 0.007965422)
(0.005 0.03102924 0.007984329)
(0.005 0.03507564 0.007763744)
(0.005 0.03847806 0.008854873)
(0.005 0.03817843 0.01331941)
(0.005 0.0381616 0.01792834)
(0.005 0.003011237 0.02133373)
(0.005 0.004966678 0.02104315)
(0.005 0.007174781 0.02085288)
(0.005 0.00927254 0.02097699)
(0.005 0.01136837 0.02103458)
(0.005 0.01338183 0.02096595)
(0.005 0.01542089 0.02103856)
(0.005 0.01728445 0.02128448)
(0.005 0.01919793 0.02096022)
(0.005 0.02127237 0.02095594)
(0.005 0.02317764 0.02121198)
(0.005 0.02511382 0.0206741)
(0.005 0.02725173 0.02059253)
(0.005 0.02937076 0.02081758)
(0.005 0.03172003 0.02102101)
(0.005 0.03387686 0.0211411)
(0.005 0.03612445 0.02152801)
(0.005 0.0382347 0.02019632)
(0.005 0.009089506 0.007799422)
(0.005 0.004724245 0.007779531)
(0.005 0.01299896 0.007534071)
(0.005 0.01705655 0.008450328)
(0.005 0.02119208 0.007705161)
(0.005 0.02495513 0.007497773)
(0.005 0.0287629 0.007995379)
(0.005 0.03307744 0.007928926)
(0.005 0.03691241 0.00757837)
(0.005 0.03834145 0.01109159)
(0.005 0.03808592 0.01558352)
(0.005 0.00390706 0.0119854)
(0.005 0.004292042 0.01436206)
(0.005 0.004122794 0.01675988)
(0.005 0.003554057 0.01917032)
(0.005 0.003355516 0.0096903)
(0.005 0.01838609 0.01160098)
(0.005 0.01027164 0.009758835)
(0.005 0.0357516 0.01691647)
(0.005 0.02724241 0.01074584)
(0.005 0.02167302 0.01071414)
(0.005 0.03188827 0.01053027)
(0.005 0.01272043 0.01009697)
(0.005 0.01544206 0.01109029)
(0.005 0.03576511 0.01446778)
(0.005 0.03604328 0.0193543)
(0.005 0.02964017 0.01019108)
(0.005 0.00596106 0.01861118)
(0.005 0.008495336 0.0183437)
(0.005 0.0105698 0.01895108)
(0.005 0.01280088 0.01832102)
(0.005 0.01500882 0.01879174)
(0.005 0.01755303 0.01856568)
(0.005 0.02025766 0.01858647)
(0.005 0.0231275 0.01813394)
(0.005 0.02619063 0.01730937)
(0.005 0.02901985 0.0176414)
(0.005 0.03119755 0.01881901)
(0.005 0.03352276 0.01882075)
(0.005 0.008063861 0.01017467)
(0.005 0.0361567 0.01197764)
(0.005 0.0247124 0.009981986)
(0.005 0.03659432 0.009636801)
(0.005 0.005694117 0.009994457)
(0.005 0.03432777 0.01013687)
(0.005 0.03321219 0.01292898)
(0.005 0.03244548 0.01599046)
(0.005 0.006662175 0.01263259)
(0.005 0.01562057 0.01537425)
(0.005 0.02461372 0.013735)
(0.005 0.007286838 0.01567095)
(0.005 0.02018461 0.0151164)
(0.005 0.02922764 0.01366334)
(0.005 0.01097421 0.01598514)
(0.005 0.009933398 0.0126636)
(0.005 0.01299251 0.01311846)
(0.002 0.001402836 0.009321652)
(0.002 0.001733427 0.01328726)
(0.002 0.001618537 0.01774897)
(0.002 0.002534968 0.007618907)
(0.002 0.004657437 0.007773234)
(0.002 0.006871455 0.007868233)
(0.002 0.008936517 0.007772739)
(0.002 0.01095987 0.007668064)
(0.002 0.01302547 0.007747506)
(0.002 0.0149949 0.007957145)
(0.002 0.01698727 0.008014469)
(0.002 0.0191129 0.007770105)
(0.002 0.0211655 0.007676375)
(0.002 0.02313749 0.00779976)
(0.002 0.02513265 0.007849437)
(0.002 0.02711946 0.007806755)
(0.002 0.02916579 0.007877946)
(0.002 0.03124319 0.007917741)
(0.002 0.03326163 0.007827157)
(0.002 0.03521795 0.007787285)
(0.002 0.03714718 0.007634028)
(0.002 0.03878586 0.007359531)
(0.002 0.03850912 0.009135903)
(0.002 0.03834052 0.0112285)
(0.002 0.03821889 0.01339451)
(0.002 0.03830419 0.01572543)
(0.002 0.03841142 0.01796037)
(0.002 0.03846393 0.02014209)
(0.002 0.002534885 0.02131579)
(0.002 0.00690198 0.02088907)
(0.002 0.01096788 0.02105685)
(0.002 0.01509338 0.02123684)
(0.002 0.01917099 0.02099448)
(0.002 0.02326017 0.02099098)
(0.002 0.02719524 0.02141087)
(0.002 0.03096303 0.02088564)
(0.002 0.03499303 0.02097595)
(0.002 0.001633764 0.01120708)
(0.002 0.001745482 0.01562446)
(0.002 0.001401023 0.01964377)
(0.002 0.01297041 0.02126473)
(0.002 0.008962201 0.02099095)
(0.002 0.004670002 0.02112247)
(0.002 0.01717144 0.02094553)
(0.002 0.02126064 0.02101966)
(0.002 0.02521143 0.02120118)
(0.002 0.02900523 0.02158601)
(0.002 0.03296737 0.02065447)
(0.002 0.03691136 0.02130405)
(0.002 0.003266499 0.00968637)
(0.002 0.003679118 0.01204265)
(0.002 0.03661221 0.01919872)
(0.002 0.003258784 0.01924437)
(0.002 0.02044364 0.01879494)
(0.002 0.005501468 0.01003194)
(0.002 0.007700392 0.01005287)
(0.002 0.00991502 0.009925431)
(0.002 0.01190337 0.009625164)
(0.002 0.01383094 0.01036934)
(0.002 0.01602619 0.01064705)
(0.002 0.01818652 0.01029263)
(0.002 0.02013961 0.009569982)
(0.002 0.022083 0.01004033)
(0.002 0.02417134 0.01019112)
(0.002 0.02635016 0.01024)
(0.002 0.02830415 0.009965265)
(0.002 0.03034943 0.01062906)
(0.002 0.03238073 0.01004144)
(0.002 0.03448698 0.01026884)
(0.002 0.03665573 0.009780425)
(0.002 0.03608316 0.0122561)
(0.002 0.03581836 0.0149211)
(0.002 0.03666805 0.01713724)
(0.002 0.01402 0.01947337)
(0.002 0.01207444 0.01888216)
(0.002 0.02666261 0.01947499)
(0.002 0.009994646 0.01842845)
(0.002 0.007723723 0.01842899)
(0.002 0.02476227 0.0186713)
(0.002 0.01835354 0.01789466)
(0.002 0.02887853 0.01939328)
(0.002 0.02254503 0.01840885)
(0.002 0.03421662 0.01774262)
(0.002 0.003614626 0.01689513)
(0.002 0.005488341 0.01883897)
(0.002 0.01596747 0.01878129)
(0.002 0.03107779 0.01738233)
(0.002 0.003902651 0.0144599)
(0.002 0.01447641 0.01341023)
(0.002 0.02850439 0.01341525)
(0.002 0.03269097 0.01350546)
(0.002 0.006343385 0.01292184)
(0.002 0.008896057 0.01227045)
(0.002 0.020978 0.01576055)
(0.002 0.006118762 0.01608265)
(0.002 0.01160246 0.01594619)
(0.002 0.01155557 0.01244708)
(0.002 0.01779611 0.01354633)
(0.002 0.02026858 0.01219089)
(0.002 0.02280323 0.01286169)
(0.002 0.02549196 0.01262637)
(0.002 0.01393288 0.01697781)
(0.002 0.02452607 0.01577037)
(0.002 0.008864087 0.01539542)
(0.002 0.02746783 0.01689564)
(0.002 0.01613026 0.01606343)
(0.042 0.001402836 0.009321652)
(0.042 0.001733427 0.01328726)
(0.042 0.001618537 0.01774897)
(0.042 0.002534968 0.007618907)
(0.042 0.004657437 0.007773234)
(0.042 0.006871455 0.007868233)
(0.042 0.008936517 0.007772739)
(0.042 0.01095987 0.007668064)
(0.042 0.01302547 0.007747506)
(0.042 0.0149949 0.007957145)
(0.042 0.01698727 0.008014469)
(0.042 0.0191129 0.007770105)
(0.042 0.0211655 0.007676375)
(0.042 0.02313749 0.00779976)
(0.042 0.02513265 0.007849437)
(0.042 0.02711946 0.007806755)
(0.042 0.02916579 0.007877946)
(0.042 0.03124319 0.007917741)
(0.042 0.03326163 0.007827157)
(0.042 0.03521795 0.007787285)
(0.042 0.03714718 0.007634028)
(0.042 0.03878586 0.007359531)
(0.042 0.03850912 0.009135903)
(0.042 0.03834052 0.0112285)
(0.042 0.03821889 0.01339451)
(0.042 0.03830419 0.01572543)
(0.042 0.03841142 0.01796037)
(0.042 0.03846393 0.02014209)
(0.042 0.002534885 0.02131579)
(0.042 0.00690198 0.02088907)
(0.042 0.01096788 0.02105685)
(0.042 0.01509338 0.02123684)
(0.042 0.01917099 0.02099448)
(0.042 0.02326017 0.02099098)
(0.042 0.02719524 0.02141087)
(0.042 0.03096303 0.02088564)
(0.042 0.03499303 0.02097595)
(0.042 0.001633764 0.01120708)
(0.042 0.001745482 0.01562446)
(0.042 0.001401023 0.01964377)
(0.042 0.01297041 0.02126473)
(0.042 0.008962201 0.02099095)
(0.042 0.004670002 0.02112247)
(0.042 0.01717144 0.02094553)
(0.042 0.02126064 0.02101966)
(0.042 0.02521143 0.02120118)
(0.042 0.02900523 0.02158601)
(0.042 0.03296737 0.02065447)
(0.042 0.03691136 0.02130405)
(0.042 0.003266499 0.00968637)
(0.042 0.003679118 0.01204265)
(0.042 0.03661221 0.01919872)
(0.042 0.003258784 0.01924437)
(0.042 0.02044364 0.01879494)
(0.042 0.005501468 0.01003194)
(0.042 0.007700392 0.01005287)
(0.042 0.00991502 0.009925431)
(0.042 0.01190337 0.009625164)
(0.042 0.01383094 0.01036934)
(0.042 0.01602619 0.01064705)
(0.042 0.01818652 0.01029263)
(0.042 0.02013961 0.009569982)
(0.042 0.022083 0.01004033)
(0.042 0.02417134 0.01019112)
(0.042 0.02635016 0.01024)
(0.042 0.02830415 0.009965265)
(0.042 0.03034943 0.01062906)
(0.042 0.03238073 0.01004144)
(0.042 0.03448698 0.01026884)
(0.042 0.03665573 0.009780425)
(0.042 0.03608316 0.0122561)
(0.042 0.03581836 0.0149211)
(0.042 0.03666805 0.01713724)
(0.042 0.01402 0.01947337)
(0.042 0.01207444 0.01888216)
(0.042 0.02666261 0.01947499)
(0.042 0.009994646 0.01842845)
(0.042 0.007723723 0.01842899)
(0.042 0.02476227 0.0186713)
(0.042 0.01835354 0.01789466)
(0.042 0.02887853 0.01939328)
(0.042 0.02254503 0.01840885)
(0.042 0.03421662 0.01774262)
(0.042 0.003614626 0.01689513)
(0.042 0.005488341 0.01883897)
(0.042 0.01596747 0.01878129)
(0.042 0.03107779 0.01738233)
(0.042 0.003902651 0.0144599)
(0.042 0.01447641 0.01341023)
(0.042 0.02850439 0.01341525)
(0.042 0.03269097 0.01350546)
(0.042 0.006343385 0.01292184)
(0.042 0.008896057 0.01227045)
(0.042 0.020978 0.01576055)
(0.042 0.006118762 0.01608265)
(0.042 0.01160246 0.01594619)
(0.042 0.01155557 0.01244708)
(0.042 0.01779611 0.01354633)
(0.042 0.02026858 0.01219089)
(0.042 0.02280323 0.01286169)
(0.042 0.02549196 0.01262637)
(0.042 0.01393288 0.01697781)
(0.042 0.02452607 0.01577037)
(0.042 0.008864087 0.01539542)
(0.042 0.02746783 0.01689564)
(0.042 0.01613026 0.01606343)
(0.03849438 0.002523847 0.006)
(0.03341125 0.002518159 0.006)
(0.02843915 0.002442566 0.006)
(0.02356085 0.002442566 0.006)
(0.01857835 0.002525309 0.006)
(0.0135 0.00246934 0.006)
(0.008495087 0.002573076 0.006)
(0.003439148 0.002442566 0.006)
(0 0.001452823 0.009283096)
(0 0.001656368 0.01111283)
(0 0.001768347 0.01324681)
(0 0.001840187 0.01546371)
(0 0.001801863 0.01771237)
(0 0.001617003 0.01984279)
(0 0.00131683 0.02165212)
(0 0.002656937 0.007592232)
(0 0.007292759 0.007847157)
(0 0.01140486 0.007512373)
(0 0.01543219 0.00808094)
(0 0.02007857 0.007564711)
(0 0.02410414 0.007841447)
(0 0.02819521 0.00752906)
(0 0.03270531 0.008060611)
(0 0.03722301 0.007714547)
(0 0.03858525 0.01140816)
(0 0.03828495 0.01551587)
(0 0.03848971 0.01986561)
(0 0.03875798 0.02164333)
(0 0.003079062 0.02133403)
(0 0.00510858 0.02130323)
(0 0.007483609 0.02130522)
(0 0.009591853 0.0211714)
(0 0.01172909 0.0210973)
(0 0.0138846 0.02103946)
(0 0.01599418 0.02095873)
(0 0.01821708 0.02110958)
(0 0.02038568 0.02127654)
(0 0.02242209 0.02122296)
(0 0.02455531 0.02112213)
(0 0.02661306 0.02090624)
(0 0.02871909 0.02080797)
(0 0.03095525 0.02093775)
(0 0.03303517 0.02140374)
(0 0.03511282 0.02149813)
(0 0.03709495 0.02134712)
(0 0.009459615 0.007847744)
(0 0.004904108 0.007729304)
(0 0.01329621 0.007933337)
(0 0.01801592 0.008403051)
(0 0.02203235 0.007839957)
(0 0.02621373 0.007741178)
(0 0.03029528 0.008521931)
(0 0.03497228 0.00771511)
(0 0.03820205 0.009618378)
(0 0.03830796 0.0133255)
(0 0.03833175 0.01778138)
(0 0.01621088 0.01031411)
(0 0.00384337 0.0118309)
(0 0.004072749 0.01413934)
(0 0.004069356 0.01650839)
(0 0.003966698 0.01904204)
(0 0.008398747 0.01013296)
(0 0.02034547 0.009958608)
(0 0.03611654 0.01430732)
(0 0.0138084 0.01045351)
(0 0.0251622 0.01000427)
(0 0.0111808 0.01007407)
(0 0.03411108 0.01015494)
(0 0.03619067 0.009333105)
(0 0.03643411 0.01670787)
(0 0.005844057 0.00985087)
(0 0.03165177 0.01103155)
(0 0.03645649 0.0116356)
(0 0.003412761 0.009603983)
(0 0.02769332 0.009664012)
(0 0.006299207 0.01965356)
(0 0.008502741 0.01907552)
(0 0.01075048 0.0189149)
(0 0.01312967 0.01882737)
(0 0.01542249 0.01853722)
(0 0.01766435 0.01866598)
(0 0.01960114 0.01939069)
(0 0.02164028 0.01895506)
(0 0.02364484 0.01919448)
(0 0.02564069 0.01831791)
(0 0.02808657 0.01796581)
(0 0.03051284 0.01817859)
(0 0.03246319 0.01905623)
(0 0.03434354 0.01999061)
(0 0.02275086 0.01032186)
(0 0.01827619 0.01187238)
(0 0.0366049 0.01921558)
(0 0.02915007 0.01196324)
(0 0.03320411 0.01591351)
(0 0.02094422 0.01332285)
(0 0.006462797 0.0123279)
(0 0.03354707 0.01302923)
(0 0.006588145 0.01738782)
(0 0.01750783 0.01549589)
(0 0.03047305 0.0147338)
(0 0.02655661 0.01204491)
(0 0.00673004 0.01495888)
(0 0.01222985 0.0133679)
(0 0.01537385 0.01297143)
(0 0.0346215 0.01793302)
(0 0.009399646 0.01618123)
(0 0.01198037 0.01659297)
(0 0.0144727 0.01597585)
(0 0.02013843 0.01673741)
(0 0.02333414 0.01626692)
(0 0.02677777 0.01517458)
(0 0.02403339 0.01297128)
(0 0.009350518 0.01284183)
(0.03928523 0.03846229 0.004)
(0.03521954 0.03822699 0.004)
(0.03095877 0.03846514 0.004)
(0.02714777 0.03784118 0.004)
(0.02295342 0.03821215 0.004)
(0.018903 0.03822997 0.004)
(0.01484521 0.03829734 0.004)
(0.01068474 0.03819704 0.004)
(0.006765362 0.03846091 0.004)
(0.002854923 0.03853814 0.004)
(0.001277538 0.03882097 0.004)
(0.001846826 0.03522412 0.004)
(0.002115378 0.03127535 0.004)
(0.00201699 0.02708762 0.004)
(0.002128532 0.02315623 0.004)
(0.002098596 0.01909916 0.004)
(0.002225726 0.01497865 0.004)
(0.001876864 0.01104284 0.004)
(0.002064965 0.006939951 0.004)
(0.001605959 0.003043948 0.004)
(0.001814394 0.001288757 0.004)
(0.005091125 0.001283168 0.004)
(0.008547334 0.001934578 0.004)
(0.01300537 0.001831353 0.004)
(0.01702532 0.002026177 0.004)
(0.02088956 0.001417106 0.004)
(0.02468594 0.001821083 0.004)
(0.02893111 0.001682033 0.004)
(0.03307106 0.001887897 0.004)
(0.0370583 0.001624915 0.004)
(0.04048813 0.002707971 0.004)
(0.04021091 0.006880557 0.004)
(0.04028436 0.01099907 0.004)
(0.04020697 0.01505201 0.004)
(0.04027959 0.019177 0.004)
(0.04020256 0.02315611 0.004)
(0.0403143 0.02696351 0.004)
(0.04010655 0.03123407 0.004)
(0.04040355 0.0351159 0.004)
(0.03725222 0.0383679 0.004)
(0.03295965 0.03812798 0.004)
(0.02923996 0.0380222 0.004)
(0.0248948 0.03795093 0.004)
(0.0208746 0.03832222 0.004)
(0.01682394 0.03830033 0.004)
(0.01286704 0.03816005 0.004)
(0.008755344 0.03836395 0.004)
(0.004932402 0.03844994 0.004)
(0.001606017 0.03712197 0.004)
(0.002026347 0.03321878 0.004)
(0.00200667 0.02912698 0.004)
(0.002186112 0.02508909 0.004)
(0.001989396 0.02107731 0.004)
(0.002431167 0.01700578 0.004)
(0.002035198 0.01300989 0.004)
(0.001927849 0.009058638 0.004)
(0.001807277 0.005065948 0.004)
(0.0149727 0.001841965 0.004)
(0.003390567 0.001957252 0.004)
(0.006753079 0.001635233 0.004)
(0.01076149 0.002066931 0.004)
(0.01919116 0.001856323 0.004)
(0.02267713 0.00176461 0.004)
(0.02686174 0.001645693 0.004)
(0.03087521 0.001863456 0.004)
(0.03514821 0.001771143 0.004)
(0.03879566 0.001417385 0.004)
(0.04031734 0.004684023 0.004)
(0.04020212 0.009041027 0.004)
(0.04030177 0.01307131 0.004)
(0.04014739 0.0171976 0.004)
(0.0402864 0.02112038 0.004)
(0.04034202 0.02501181 0.004)
(0.0401158 0.02904281 0.004)
(0.0402253 0.03318521 0.004)
(0.04057006 0.03678615 0.004)
(0.03644768 0.03627255 0.004)
(0.003930771 0.02010575 0.004)
(0.02604031 0.03516081 0.004)
(0.03115161 0.03594856 0.004)
(0.02184424 0.03646004 0.004)
(0.01773651 0.03584894 0.004)
(0.01376623 0.03590282 0.004)
(0.009350264 0.03605486 0.004)
(0.005693877 0.03651753 0.004)
(0.00353793 0.03669011 0.004)
(0.00456535 0.03026037 0.004)
(0.005560604 0.01586988 0.004)
(0.004459443 0.0220724 0.004)
(0.02772028 0.003352888 0.004)
(0.004510541 0.03248877 0.004)
(0.004676342 0.02625702 0.004)
(0.004049971 0.02820879 0.004)
(0.00481111 0.01813795 0.004)
(0.004754198 0.0241571 0.004)
(0.004336462 0.01187435 0.004)
(0.004416658 0.007982179 0.004)
(0.003386698 0.003924204 0.004)
(0.009475469 0.004439519 0.004)
(0.0319322 0.004400932 0.004)
(0.01403863 0.003648036 0.004)
(0.01842618 0.004511277 0.004)
(0.007137032 0.004051615 0.004)
(0.02084285 0.003520103 0.004)
(0.01600412 0.00430134 0.004)
(0.0254758 0.004044388 0.004)
(0.01190032 0.004253105 0.004)
(0.02974749 0.004148863 0.004)
(0.02313971 0.004259894 0.004)
(0.03650983 0.003714635 0.004)
(0.03798918 0.007744466 0.004)
(0.03820752 0.01422659 0.004)
(0.03397371 0.03593567 0.004)
(0.03862732 0.03656667 0.004)
(0.03823608 0.0120206 0.004)
(0.03785237 0.01836712 0.004)
(0.03790879 0.02210729 0.004)
(0.03856405 0.02602978 0.004)
(0.03777122 0.03007846 0.004)
(0.02850456 0.03524218 0.004)
(0.01985942 0.03595212 0.004)
(0.02378832 0.03566219 0.004)
(0.00411952 0.0346447 0.004)
(0.005241842 0.003194338 0.004)
(0.0381674 0.0054884 0.004)
(0.0385173 0.003376105 0.004)
(0.01577676 0.03644761 0.004)
(0.01148433 0.03581367 0.004)
(0.007602725 0.03667559 0.004)
(0.03423038 0.004069455 0.004)
(0.004572219 0.005649492 0.004)
(0.004278226 0.01389242 0.004)
(0.003832031 0.00998131 0.004)
(0.03778543 0.01630389 0.004)
(0.03802953 0.009913994 0.004)
(0.03795609 0.02788449 0.004)
(0.03799115 0.02413047 0.004)
(0.03821582 0.03444234 0.004)
(0.03848303 0.02022012 0.004)
(0.03796761 0.0322938 0.004)
(0.007369026 0.03154482 0.004)
(0.006682887 0.02030024 0.004)
(0.006382636 0.01004476 0.004)
(0.03325313 0.007030599 0.004)
(0.02429402 0.007089001 0.004)
(0.03583008 0.03379154 0.004)
(0.007374306 0.01300136 0.004)
(0.01564933 0.03346628 0.004)
(0.03614541 0.02597304 0.004)
(0.02064799 0.007558005 0.004)
(0.03593761 0.006235922 0.004)
(0.00713622 0.03431477 0.004)
(0.01407803 0.006217538 0.004)
(0.03485557 0.01769773 0.004)
(0.03643777 0.01311574 0.004)
(0.03602121 0.02030233 0.004)
(0.03501106 0.02331747 0.004)
(0.03538095 0.03123366 0.004)
(0.0109346 0.007042947 0.004)
(0.03549132 0.01519534 0.004)
(0.007520019 0.007095868 0.004)
(0.02727616 0.006131763 0.004)
(0.02159672 0.03361343 0.004)
(0.009661625 0.03349355 0.004)
(0.01247371 0.03312852 0.004)
(0.009851319 0.01555896 0.004)
(0.008365464 0.01800602 0.004)
(0.03540771 0.02854198 0.004)
(0.03024813 0.007704746 0.004)
(0.03552646 0.008722835 0.004)
(0.007245476 0.02849377 0.004)
(0.007593053 0.02284341 0.004)
(0.01739643 0.01054116 0.004)
(0.03577719 0.01100232 0.004)
(0.01880676 0.03305755 0.004)
(0.02708077 0.03177124 0.004)
(0.02409559 0.03216568 0.004)
(0.02378968 0.01119527 0.004)
(0.03231083 0.01041293 0.004)
(0.007785486 0.02556793 0.004)
(0.01122779 0.01258376 0.004)
(0.01372419 0.02980109 0.004)
(0.03305089 0.03317602 0.004)
(0.03290108 0.02637298 0.004)
(0.03252317 0.02969391 0.004)
(0.03266237 0.02042485 0.004)
(0.009375725 0.009962316 0.004)
(0.03007218 0.03236503 0.004)
(0.01679536 0.007171259 0.004)
(0.01016291 0.03053079 0.004)
(0.0289407 0.02758725 0.004)
(0.02070452 0.02913122 0.004)
(0.01302122 0.01814042 0.004)
(0.01041325 0.02077061 0.004)
(0.03136124 0.01778281 0.004)
(0.03024588 0.02371604 0.004)
(0.01394805 0.00974479 0.004)
(0.01098687 0.02730178 0.004)
(0.02005856 0.01330929 0.004)
(0.02657006 0.00911276 0.004)
(0.01710763 0.03010019 0.004)
(0.02446625 0.02762383 0.004)
(0.0152526 0.01434011 0.004)
(0.031833 0.01466529 0.004)
(0.01127561 0.0239805 0.004)
(0.02827896 0.01977951 0.004)
(0.03411499 0.01291285 0.004)
(0.01904287 0.01838617 0.004)
(0.0281759 0.01221469 0.004)
(0.01582975 0.02611235 0.004)
(0.02844393 0.01611423 0.004)
(0.02422898 0.01625871 0.004)
(0.02020078 0.02418663 0.004)
(0.01507371 0.02180609 0.004)
(0.02506979 0.02260713 0.004)
(0.01323619 0.01147456 0.004898226)
(0.04101405 0.0008354316 0.01783245)
(0.0259954 0.007036565 0.0222895)
(0.02599265 0.01175322 0.02206845)
(0.02595277 0.03888272 0.02150308)
(0.01645845 0.009701103 0.02235085)
(0.01581462 0.03919272 0.009648752)
(0.0009681163 0.03920249 0.01111239)
(0.01613789 0.03919258 0.02174272)
(0.006070879 0.02550014 0.0221572)
(0.006137875 0.03919253 0.02174271)
(0.02101962 0.0008457129 0.01783531)
(0.04098626 0.0009116949 0.01407342)
(0.006064811 0.0007361632 0.02232153)
(0.0409341 0.03140792 0.02205428)
(0.02601943 0.02516764 0.02211042)
(0.005766221 0.000717323 0.02039083)
(0.00599201 0.007035691 0.02228845)
(0.02086227 0.01273799 0.02213503)
(0.04098293 0.0007670128 0.0099358)
(0.04098236 0.0009061905 0.01606835)
(0.02088883 0.0390047 0.02069467)
(0.02102616 0.005534796 0.02205033)
(0.02101026 0.0392898 0.007687451)
(0.03098423 0.0007695519 0.009991844)
(0.03110339 0.03910877 0.01292396)
(0.001025506 0.02049332 0.02206768)
(0.005980243 0.0009020073 0.0138751)
(0.03105058 0.02312003 0.02209205)
(0.001069028 0.007315166 0.02208551)
(0.01101457 0.00337364 0.02213048)
(0.01600554 0.004920892 0.02203834)
(0.001102589 0.003271668 0.02214644)
(0.04103455 0.01357862 0.02208245)
(0.02602597 0.002913029 0.02215146)
(0.01607102 0.02941627 0.02203558)
(0.02109369 0.001049411 0.0215221)
(0.01099676 0.03927125 0.009053145)
(0.0310147 0.03325774 0.0219211)
(0.03113787 0.03919253 0.02174271)
(0.01111319 0.0242145 0.02213061)
(0.0208857 0.0254007 0.02212152)
(0.01587073 0.03491693 0.02214117)
(0.02088112 0.02326744 0.02216051)
(0.01598769 0.0008415576 0.01177774)
(0.02099908 0.01009933 0.02204216)
(0.03607883 0.03290085 0.02213553)
(0.001122528 0.02621721 0.02216022)
(0.01597655 0.03883047 0.01658226)
(0.01110582 0.02031041 0.02212315)
(0.04108363 0.007535416 0.02206637)
(0.02601741 0.02164927 0.02202549)
(0.02079851 0.03919948 0.01836862)
(0.01094029 0.03682925 0.02219665)
(0.03603465 0.005347372 0.02208209)
(0.04098531 0.03864869 0.02165034)
(0.03599069 0.000881363 0.01384552)
(0.01098859 0.01542555 0.0220509)
(0.04110731 0.02018835 0.02212232)
(0.03612772 0.03919793 0.01953792)
(0.04094719 0.02916132 0.022089)
(0.03586452 0.01082372 0.02213113)
(0.005984228 0.0007695515 0.009991843)
(0.03606133 0.03050775 0.02208013)
(0.01601151 0.01895561 0.02195229)
(0.03609404 0.001047923 0.02152225)
(0.04079337 0.001146171 0.005166489)
(0.03601821 0.0008449494 0.01782832)
(0.03603201 0.03912804 0.01272405)
(0.0110768 0.01806305 0.0220747)
(0.0009648089 0.03697295 0.02216334)
(0.02088448 0.01491155 0.02212146)
(0.0361244 0.02615743 0.02215067)
(0.01084793 0.03917869 0.01820707)
(0.03603461 0.01562138 0.02204468)
(0.01091124 0.01092291 0.02210027)
(0.01090213 0.01298133 0.02211796)
(0.02605161 0.0008150607 0.01140085)
(0.04112265 0.02621737 0.02216065)
(0.01085643 0.03154945 0.0221468)
(0.02608491 0.03151788 0.02200514)
(0.02602534 0.0008414959 0.01787383)
(0.03107104 0.02941491 0.02203417)
(0.04104685 0.03498953 0.02214775)
(0.03607563 0.01818179 0.02210861)
(0.0309073 0.0007078861 0.02227273)
(0.03597952 0.02351444 0.02210196)
(0.04099423 0.03739994 0.02219431)
(0.03098024 0.0009020073 0.0138751)
(0.02603179 0.00100645 0.006368295)
(0.03081198 0.01562457 0.02214647)
(0.02088484 0.02114367 0.02218405)
(0.01105025 0.0393219 0.02157913)
(0.01581198 0.01562453 0.02214791)
(0.02110595 0.03267036 0.02210704)
(0.02609042 0.00527901 0.02206323)
(0.01576628 0.0007172552 0.02039064)
(0.01598186 0.02277753 0.02205844)
(0.02088015 0.02742053 0.02209489)
(0.005976554 0.03883026 0.01658229)
(0.02094581 0.036976 0.02220108)
(0.02099509 0.0008185926 0.01324783)
(0.02085568 0.0007103044 0.009642122)
(0.01095721 0.02685639 0.02208257)
(0.0210666 0.007314236 0.0220825)
(0.01597701 0.000898633 0.01606922)
(0.0007945075 0.03922405 0.01851304)
(0.0009971425 0.0009222438 0.02050206)
(0.01601602 0.00115392 0.0072705)
(0.00610339 0.03910876 0.01292397)
(0.02092499 0.01715935 0.02209007)
(0.006044134 0.03119401 0.02220672)
(0.02595752 0.03890439 0.0163688)
(0.005992903 0.03933308 0.007662715)
(0.006197496 0.03918431 0.01065457)
(0.01099461 0.000834201 0.01175497)
(0.0009860695 0.03861995 0.02168662)
(0.01106443 0.000969284 0.006894139)
(0.0409058 0.03915462 0.0160242)
(0.03101059 0.001012085 0.006543364)
(0.0008369566 0.03914099 0.01619421)
(0.001073173 0.01793145 0.02209153)
(0.005811979 0.01562457 0.02214647)
(0.01092429 0.03462583 0.02218583)
(0.006089117 0.02079706 0.02208991)
(0.001131694 0.01188462 0.0221443)
(0.006014697 0.03325774 0.0219211)
(0.0011272 0.009751219 0.02210698)
(0.03099591 0.0008727726 0.02038468)
(0.000982487 0.0009223953 0.0162744)
(0.0009806909 0.02353898 0.02206442)
(0.04100823 0.003620655 0.0220883)
(0.04101502 0.01048488 0.02202789)
(0.03599613 0.03886049 0.02155352)
(0.04102756 0.03913848 0.01266101)
(0.0009915293 0.03216794 0.02197291)
(0.0410166 0.02323288 0.02204141)
(0.02607735 0.0368114 0.02235898)
(0.03609027 0.0282904 0.0221185)
(0.03107088 0.02550014 0.0221572)
(0.0409507 0.03937451 0.009291028)
(0.02099146 0.02990572 0.02202316)
(0.01607064 0.02550212 0.02216011)
(0.001064474 0.00096908 0.006894436)
(0.006087266 0.03601958 0.02209279)
(0.01589493 0.002537209 0.02219836)
(0.01600892 0.03907675 0.01280678)
(0.03447512 0.0008999263 0.004901247)
(0.01103784 0.005312081 0.0220878)
(0.03608176 0.03919 0.009641668)
(0.03606291 0.0009656792 0.006889435)
(0.03590291 0.01299177 0.02211638)
(0.0359934 0.0007796012 0.009957967)
(0.025894 0.0393564 0.007548218)
(0.04112501 0.01599268 0.02210007)
(0.03097655 0.03883026 0.01658229)
(0.01099743 0.001373783 0.02161754)
(0.03100954 0.01871881 0.02193727)
(0.03601974 0.02070184 0.0221072)
(0.02090309 0.03922026 0.01086035)
(0.0358263 0.00865637 0.02216283)
(0.001080162 0.0157779 0.02212561)
(0.02604954 0.03426057 0.02192001)
(0.02101266 0.03909276 0.01481835)
(0.0311975 0.03918431 0.01065457)
(0.0110276 0.03913833 0.01266113)
(0.01101379 0.0008356731 0.0178308)
(0.04094133 0.03900289 0.005395468)
(0.04079611 0.03920416 0.01836941)
(0.001010619 0.03927346 0.007680815)
(0.000983007 0.0007723111 0.009970725)
(0.0009932236 0.0008395802 0.01172822)
(0.0009272829 0.02904876 0.02210946)
(0.02599263 0.03918502 0.009822687)
(0.02615657 0.01656432 0.02211692)
(0.0309929 0.03933308 0.007662715)
(0.03599966 0.03911928 0.01614492)
(0.01083919 0.008783824 0.02215264)
(0.03106217 0.03680735 0.0223746)
(0.04110008 0.001024545 0.0215285)
(0.03108801 0.005277975 0.02206184)
(0.030909 0.008724641 0.02203393)
(0.03099734 0.01109607 0.02200541)
(0.02600212 0.009070832 0.02201894)
(0.02604495 0.01323266 0.02210195)
(0.01609523 0.01147409 0.02207595)
(0.006095089 0.01147694 0.02207341)
(0.006088011 0.005277975 0.02206184)
(0.02101342 0.003643764 0.02207808)
(0.02101983 0.03870722 0.02191005)
(0.006078681 0.02740889 0.02202571)
(0.01606215 0.03680746 0.02237463)
(0.03599039 0.0008290296 0.0117563)
(0.02603208 0.01954513 0.02199231)
(0.04093406 0.0008203806 0.01138656)
(0.03104413 0.03119401 0.02220672)
(0.01595702 0.03893302 0.01849193)
(0.03602981 0.03928483 0.01156486)
(0.02597924 0.02777362 0.02205786)
(0.01101572 0.03911087 0.007927688)
(0.03108912 0.02079706 0.02208991)
(0.02590523 0.000715091 0.02226795)
(0.02597975 0.001163764 0.01647073)
(0.02599657 0.0008737133 0.02038683)
(0.03109083 0.01349074 0.02208571)
(0.02598179 0.03906912 0.01391691)
(0.04101978 0.001022133 0.006637566)
(0.00602132 0.002917768 0.02214201)
(0.001019174 0.0008360077 0.01785539)
(0.005976984 0.0009009189 0.01607404)
(0.001034507 0.0009692368 0.02197555)
(0.02599313 0.02354794 0.02197226)
(0.006050579 0.02312003 0.02209205)
(0.01590054 0.03920753 0.007156993)
(0.0160907 0.0134887 0.0220881)
(0.04086653 0.03914226 0.007260398)
(0.02100592 0.001032685 0.006548623)
(0.00600954 0.01871881 0.02193727)
(0.01598014 0.0008977999 0.01386996)
(0.0410297 0.005535178 0.02206097)
(0.01096832 0.03920252 0.0111124)
(0.03097698 0.0009009189 0.01607404)
(0.006068907 0.0009586586 0.006898946)
(0.03601292 0.003627322 0.02207955)
(0.04096822 0.03920262 0.0111123)
(0.005957039 0.03893282 0.01849194)
(0.02094821 0.03938007 0.009298905)
(0.02098873 0.0008524274 0.01188385)
(0.03601078 0.03927555 0.00767586)
(0.03600547 0.03426268 0.02192956)
(0.03095704 0.03893282 0.01849194)
(0.03098823 0.0008450841 0.01178185)
(0.01601698 0.0008334869 0.01785549)
(0.0009505855 0.0393744 0.009291191)
(0.03111146 0.03530921 0.02229597)
(0.01604411 0.03119468 0.02220705)
(0.01607886 0.02741038 0.02202791)
(0.01606482 0.0007361202 0.02232155)
(0.01098721 0.03911707 0.01634859)
(0.02100831 0.03424265 0.02193362)
(0.02598745 0.0007654908 0.00995444)
(0.01096851 0.0007719503 0.02026042)
(0.01098368 0.000770055 0.009967675)
(0.01097791 0.03813369 0.0222383)
(0.01098177 0.0009060816 0.01605247)
(0.001013116 0.005703581 0.02202868)
(0.005988227 0.000845084 0.01178185)
(0.02098772 0.0009015479 0.01609606)
(0.0009493226 0.0008641208 0.01343595)
(0.01598348 0.0007669671 0.009989359)
(0.01599132 0.02073427 0.02198093)
(0.03107868 0.02740889 0.02202571)
(0.0009241797 0.03462619 0.02218521)
(0.03598728 0.0009077761 0.01603782)
(0.02596845 0.03894249 0.01894064)
(0.001027534 0.03913851 0.01266106)
(0.0358759 0.03664339 0.0222269)
(0.02097262 0.03915453 0.01323147)
(0.03102132 0.002917768 0.02214201)
(0.01607019 0.007423548 0.02201733)
(0.005996897 0.009092014 0.02197818)
(0.006090832 0.01349074 0.02208571)
(0.025974 0.0292764 0.02208973)
(0.006016982 0.0008338543 0.0178569)
(0.006071044 0.02941491 0.02203417)
(0.02599322 0.03914173 0.01176387)
(0.03101698 0.0008338543 0.0178569)
(0.01098974 0.0008951611 0.01385075)
(0.03099201 0.007035691 0.02228845)
(0.02588915 0.0008538685 0.01376032)
(0.01096459 0.02869824 0.02216312)
(0.02099017 0.0009485809 0.01448011)
)


// ************************************************************************* //
