/*--------------------------------*- C++ -*----------------------------------*\
| =========                 |                                                 |
| \\      /  F ield         | OpenFOAM: The Open Source CFD Toolbox           |
|  \\    /   O peration     | Version:  2512                                  |
|   \\  /    A nd           | Website:  www.openfoam.com                      |
|    \\/     M anipulation  |                                                 |
\*---------------------------------------------------------------------------*/
FoamFile
{
    version     2.0;
    format      ascii;
    arch        "LSB;label=32;scalar=64";
    class       regIOobject;
    location    "constant/polyMesh";
    object      faceZones;
    meta
    {
        names           ( wingFaceZone wingFaceZone2 circularFaceZone_z015 circularFaceZone_z035 wall_wing wall_wing2 wall_circ_z015 wall_circ_z035 );
    }
}
// * * * * * * * * * * * * * * * * * * * * * * * * * * * * * * * * * * * * * //

8
(
wingFaceZone
{
    type            faceZone;
    faceLabels      List<label> 
464
(
661524
661525
661526
661527
661528
661529
661530
661531
661532
661533
661534
661535
661536
661537
661538
661539
661540
661541
661542
661543
661544
661545
661546
661547
661548
661549
661550
661551
661552
661553
661554
661555
661556
661557
661558
661559
661560
661561
661562
661563
661564
661565
661566
661567
661568
661569
661570
661571
661572
661573
661574
661575
661576
661577
661578
661579
661580
661581
661582
661583
661584
661585
661586
661587
661588
661589
661590
661591
661592
661593
661594
661595
661596
661597
661598
661599
661600
661601
661602
661603
661604
661605
661606
661607
661608
661609
661610
661611
661612
661613
661614
661615
661616
661617
661618
661619
661620
661621
661622
661623
661624
661625
661626
661627
661628
661629
661630
661631
661632
661633
661634
661635
661636
661637
661638
661639
661640
661641
661642
661643
661644
661645
661646
661647
661648
661649
661650
661651
661652
661653
661654
661655
661656
661657
661658
661659
661660
661661
661662
661663
661664
661665
661666
661667
663758
663760
663762
663764
663773
663774
663775
663776
663777
663778
663779
663780
663781
663782
663783
663784
663785
663786
663787
663788
663789
663790
663791
663792
663793
663794
663795
663796
663797
663798
663799
663800
663801
663802
663803
663804
663805
663806
663807
663808
663809
663810
663811
663812
663813
663814
663815
663816
663817
663818
663819
663820
663821
663822
663823
663824
663825
663826
663827
663828
663829
663830
663831
663832
663833
663834
663835
663836
663837
663838
663839
663840
663841
663842
663843
663844
663845
663846
663847
663848
663849
663850
663851
663852
663853
663854
663855
663856
663857
663858
663859
663860
663861
663862
663863
663864
663865
663866
663867
663868
663869
663870
663871
663872
663873
663874
663875
663876
663877
663878
663879
663880
663881
663882
663883
663884
663885
663886
663887
663888
663889
663890
663891
663892
663893
663894
663895
663896
663897
663898
663899
668304
668306
668307
668309
668310
668311
668312
668313
668315
668316
668317
668318
668319
668320
668321
668322
668323
668324
668325
668326
668327
668328
668329
668330
668331
668332
668333
668334
668335
668336
668337
668338
668339
668340
668341
668342
668343
668344
668345
668346
668347
668348
668349
668350
668351
668352
668353
668354
668355
668356
668357
668358
668359
668360
668361
668362
668363
668364
668365
668366
668367
668368
668369
668370
668371
668372
668373
668374
668375
668376
668377
668378
668379
668380
668381
668382
668383
668384
668385
668386
668387
668388
668389
668390
668391
668392
668393
668394
668395
668396
668397
668398
668399
675823
675824
675825
675826
675827
675828
675829
675830
675838
675839
675840
675841
675842
675843
675844
675845
675853
675854
675855
675856
675857
675858
675859
675860
675868
675869
675870
675871
675872
675873
675874
675875
675883
675884
675885
675886
675887
675888
675889
675890
675898
675899
675900
675901
675902
675903
675904
675905
675913
675914
675915
675916
675917
675918
675919
675920
675928
675929
675930
675931
675932
675933
675934
675935
675943
675944
675945
675946
675947
675948
675949
675950
675958
675959
675960
675961
675962
675963
675964
675965
675973
675974
675975
675976
675977
675978
675979
675980
675988
675989
675990
675991
675992
675993
675994
675995
)
;
    flipMap         List<bool> 464{0};
}
wingFaceZone2
{
    type            faceZone;
    faceLabels      List<label> 
447
(
657204
657205
657206
657207
657208
657209
657210
657211
657212
657213
657214
657215
657216
657217
657218
657219
657220
657221
657222
657223
657224
657225
657226
657227
657228
657229
657230
657231
657232
657233
657234
657235
657236
657237
657238
657239
657240
657241
657242
657243
657244
657245
657246
657247
657248
657249
657250
657251
657252
657253
657254
657255
657256
657257
657258
657259
657260
657261
657262
657263
657264
657265
657266
657267
657268
657269
657270
657271
657272
657273
657274
657275
657276
657277
657278
657279
657280
657281
657282
657283
657284
657285
657286
657287
657288
657289
657290
657291
657292
657293
657294
657295
657296
657297
657298
657299
657300
657301
657302
657303
657304
657305
657306
657307
657308
657309
657310
657311
657312
657313
657314
657315
657316
657317
657318
657319
657320
657321
657322
657323
657324
657325
657326
657327
657328
657329
657331
657333
657335
657337
657339
657340
657341
657342
657343
657344
657345
657346
662192
662194
662196
662198
662199
662201
662203
662205
662207
662208
662209
662210
662211
662212
662213
662214
662215
662216
662217
662218
662219
662220
662221
662222
662223
662224
662225
662226
662227
662228
662229
662230
662231
662232
662233
662234
662235
662236
662237
662238
662239
662240
662241
662242
662243
662244
662245
662246
662247
662248
662249
662250
662251
662252
662253
662254
662255
662256
662257
662258
662259
662260
662261
662262
662263
662264
662265
662266
662267
662268
662269
662270
662271
662272
662273
662274
662275
662276
662277
662278
662279
662280
662281
662282
662283
662284
662285
662286
662287
662288
662289
662290
662291
662292
662293
662294
662295
662296
662297
662298
662299
662300
662301
662302
662303
662304
662305
662306
662307
662308
662309
662310
662311
662312
662313
662314
662315
662316
662317
662318
662319
662320
662321
662322
662323
662324
662325
662326
662327
662328
662329
662330
662331
662332
662333
672216
672217
672218
672219
672220
672221
672222
672231
672232
672233
672234
672235
672236
672237
672238
672246
672247
672248
672249
672250
672251
672252
672261
672262
672263
672264
672265
672266
672267
672276
672277
672278
672279
672280
672281
672282
672283
672291
672292
672293
672294
672295
672296
672297
672306
672307
672308
672309
672310
672311
672312
672321
672322
672323
672324
672325
672326
672327
672328
672336
672337
672338
672339
672340
672341
672342
672351
672352
672353
672354
672355
672356
672357
672366
672367
672368
672369
672370
672371
672372
672373
672381
672382
672383
672384
672385
672386
672387
675456
675457
675458
675459
675460
675461
675462
675471
675472
675473
675474
675475
675476
675477
675486
675487
675488
675489
675490
675491
675492
675501
675502
675503
675504
675505
675506
675507
675508
675516
675517
675518
675519
675520
675521
675522
675531
675532
675533
675534
675535
675536
675537
675538
675546
675547
675548
675549
675550
675551
675552
675561
675562
675563
675564
675565
675566
675567
675576
675577
675578
675579
675580
675581
675582
675591
675592
675593
675594
675595
675596
675597
675606
675607
675608
675609
675610
675611
675612
675621
675622
675623
675624
675625
675626
675627
)
;
    flipMap         List<bool> 447{0};
}
circularFaceZone_z015
{
    type            faceZone;
    faceLabels      List<label> 
432
(
670405
670406
670407
670408
670409
670410
670411
670412
670413
670414
670415
670416
670418
670419
670420
670421
670422
670423
670424
670425
670426
670427
670428
670429
670431
670432
670433
670434
670435
670436
670437
670438
670439
670440
670441
670442
670444
670445
670446
670447
670448
670449
670450
670451
670452
670453
670454
670455
670457
670458
670459
670460
670461
670462
670463
670464
670465
670466
670467
670468
670470
670471
670472
670473
670474
670475
670476
670477
670478
670479
670480
670481
670483
670484
670485
670486
670487
670488
670489
670490
670491
670492
670493
670494
670496
670497
670498
670499
670500
670501
670502
670503
670504
670505
670506
670507
670509
670510
670511
670512
670513
670514
670515
670516
670517
670518
670519
670520
670522
670523
670524
670525
670526
670527
670528
670529
670530
670531
670532
670533
670535
670536
670537
670538
670539
670540
670541
670542
670543
670544
670545
670546
670548
670549
670550
670551
670552
670553
670554
670555
670556
670557
670558
670559
670884
670885
670886
670887
670888
670889
670890
670891
670892
670893
670894
670895
670896
670897
670898
670899
670900
670901
670902
670903
670904
670905
670906
670907
670908
670909
670910
670911
670912
670913
670914
670915
670916
670917
670918
670919
670920
670921
670922
670923
670924
670925
670926
670927
670928
670929
670930
670931
670932
670933
670934
670935
670936
670937
670938
670939
670940
670941
670942
670943
670944
670945
670946
670947
670948
670949
670950
670951
670952
670953
670954
670955
670956
670957
670958
670959
670960
670961
670962
670963
670964
670965
670966
670967
670968
670969
670970
670971
670972
670973
670974
670975
670976
670977
670978
670979
670980
670981
670982
670983
670984
670985
670986
670987
670988
670989
670990
670991
670992
670993
670994
670995
670996
670997
670998
670999
671000
671001
671002
671003
671004
671005
671006
671007
671008
671009
671010
671011
671012
671013
671014
671015
671184
671186
671188
671190
671192
671194
671196
671198
671200
671202
671204
671206
671726
671727
671728
671729
671730
671731
671732
671733
671734
671735
671736
671737
671753
671754
671755
671756
671757
671758
671759
671760
671761
671762
671763
671764
671780
671781
671782
671783
671784
671785
671786
671787
671788
671789
671790
671791
671807
671808
671809
671810
671811
671812
671813
671814
671815
671816
671817
671818
671834
671835
671836
671837
671838
671839
671840
671841
671842
671843
671844
671845
671861
671862
671863
671864
671865
671866
671867
671868
671869
671870
671871
671872
671888
671889
671890
671891
671892
671893
671894
671895
671896
671897
671898
671899
671915
671916
671917
671918
671919
671920
671921
671922
671923
671924
671925
671926
671942
671943
671944
671945
671946
671947
671948
671949
671950
671951
671952
671953
671969
671970
671971
671972
671973
671974
671975
671976
671977
671978
671979
671980
671996
671997
671998
671999
672000
672001
672002
672003
672004
672005
672006
672007
672191
672193
672195
672197
672199
672201
672203
672205
672207
672209
672211
672213
)
;
    flipMap         List<bool> 432{0};
}
circularFaceZone_z035
{
    type            faceZone;
    faceLabels      List<label> 0();
    flipMap         List<bool> 0();
}
wall_wing
{
    type            faceZone;
    faceLabels      List<label> 
464
(
661524
661525
661526
661527
661528
661529
661530
661531
661532
661533
661534
661535
661536
661537
661538
661539
661540
661541
661542
661543
661544
661545
661546
661547
661548
661549
661550
661551
661552
661553
661554
661555
661556
661557
661558
661559
661560
661561
661562
661563
661564
661565
661566
661567
661568
661569
661570
661571
661572
661573
661574
661575
661576
661577
661578
661579
661580
661581
661582
661583
661584
661585
661586
661587
661588
661589
661590
661591
661592
661593
661594
661595
661596
661597
661598
661599
661600
661601
661602
661603
661604
661605
661606
661607
661608
661609
661610
661611
661612
661613
661614
661615
661616
661617
661618
661619
661620
661621
661622
661623
661624
661625
661626
661627
661628
661629
661630
661631
661632
661633
661634
661635
661636
661637
661638
661639
661640
661641
661642
661643
661644
661645
661646
661647
661648
661649
661650
661651
661652
661653
661654
661655
661656
661657
661658
661659
661660
661661
661662
661663
661664
661665
661666
661667
663758
663760
663762
663764
663773
663774
663775
663776
663777
663778
663779
663780
663781
663782
663783
663784
663785
663786
663787
663788
663789
663790
663791
663792
663793
663794
663795
663796
663797
663798
663799
663800
663801
663802
663803
663804
663805
663806
663807
663808
663809
663810
663811
663812
663813
663814
663815
663816
663817
663818
663819
663820
663821
663822
663823
663824
663825
663826
663827
663828
663829
663830
663831
663832
663833
663834
663835
663836
663837
663838
663839
663840
663841
663842
663843
663844
663845
663846
663847
663848
663849
663850
663851
663852
663853
663854
663855
663856
663857
663858
663859
663860
663861
663862
663863
663864
663865
663866
663867
663868
663869
663870
663871
663872
663873
663874
663875
663876
663877
663878
663879
663880
663881
663882
663883
663884
663885
663886
663887
663888
663889
663890
663891
663892
663893
663894
663895
663896
663897
663898
663899
668304
668306
668307
668309
668310
668311
668312
668313
668315
668316
668317
668318
668319
668320
668321
668322
668323
668324
668325
668326
668327
668328
668329
668330
668331
668332
668333
668334
668335
668336
668337
668338
668339
668340
668341
668342
668343
668344
668345
668346
668347
668348
668349
668350
668351
668352
668353
668354
668355
668356
668357
668358
668359
668360
668361
668362
668363
668364
668365
668366
668367
668368
668369
668370
668371
668372
668373
668374
668375
668376
668377
668378
668379
668380
668381
668382
668383
668384
668385
668386
668387
668388
668389
668390
668391
668392
668393
668394
668395
668396
668397
668398
668399
675823
675824
675825
675826
675827
675828
675829
675830
675838
675839
675840
675841
675842
675843
675844
675845
675853
675854
675855
675856
675857
675858
675859
675860
675868
675869
675870
675871
675872
675873
675874
675875
675883
675884
675885
675886
675887
675888
675889
675890
675898
675899
675900
675901
675902
675903
675904
675905
675913
675914
675915
675916
675917
675918
675919
675920
675928
675929
675930
675931
675932
675933
675934
675935
675943
675944
675945
675946
675947
675948
675949
675950
675958
675959
675960
675961
675962
675963
675964
675965
675973
675974
675975
675976
675977
675978
675979
675980
675988
675989
675990
675991
675992
675993
675994
675995
)
;
    flipMap         List<bool> 464{0};
}
wall_wing2
{
    type            faceZone;
    faceLabels      List<label> 
447
(
657204
657205
657206
657207
657208
657209
657210
657211
657212
657213
657214
657215
657216
657217
657218
657219
657220
657221
657222
657223
657224
657225
657226
657227
657228
657229
657230
657231
657232
657233
657234
657235
657236
657237
657238
657239
657240
657241
657242
657243
657244
657245
657246
657247
657248
657249
657250
657251
657252
657253
657254
657255
657256
657257
657258
657259
657260
657261
657262
657263
657264
657265
657266
657267
657268
657269
657270
657271
657272
657273
657274
657275
657276
657277
657278
657279
657280
657281
657282
657283
657284
657285
657286
657287
657288
657289
657290
657291
657292
657293
657294
657295
657296
657297
657298
657299
657300
657301
657302
657303
657304
657305
657306
657307
657308
657309
657310
657311
657312
657313
657314
657315
657316
657317
657318
657319
657320
657321
657322
657323
657324
657325
657326
657327
657328
657329
657331
657333
657335
657337
657339
657340
657341
657342
657343
657344
657345
657346
662192
662194
662196
662198
662199
662201
662203
662205
662207
662208
662209
662210
662211
662212
662213
662214
662215
662216
662217
662218
662219
662220
662221
662222
662223
662224
662225
662226
662227
662228
662229
662230
662231
662232
662233
662234
662235
662236
662237
662238
662239
662240
662241
662242
662243
662244
662245
662246
662247
662248
662249
662250
662251
662252
662253
662254
662255
662256
662257
662258
662259
662260
662261
662262
662263
662264
662265
662266
662267
662268
662269
662270
662271
662272
662273
662274
662275
662276
662277
662278
662279
662280
662281
662282
662283
662284
662285
662286
662287
662288
662289
662290
662291
662292
662293
662294
662295
662296
662297
662298
662299
662300
662301
662302
662303
662304
662305
662306
662307
662308
662309
662310
662311
662312
662313
662314
662315
662316
662317
662318
662319
662320
662321
662322
662323
662324
662325
662326
662327
662328
662329
662330
662331
662332
662333
672216
672217
672218
672219
672220
672221
672222
672231
672232
672233
672234
672235
672236
672237
672238
672246
672247
672248
672249
672250
672251
672252
672261
672262
672263
672264
672265
672266
672267
672276
672277
672278
672279
672280
672281
672282
672283
672291
672292
672293
672294
672295
672296
672297
672306
672307
672308
672309
672310
672311
672312
672321
672322
672323
672324
672325
672326
672327
672328
672336
672337
672338
672339
672340
672341
672342
672351
672352
672353
672354
672355
672356
672357
672366
672367
672368
672369
672370
672371
672372
672373
672381
672382
672383
672384
672385
672386
672387
675456
675457
675458
675459
675460
675461
675462
675471
675472
675473
675474
675475
675476
675477
675486
675487
675488
675489
675490
675491
675492
675501
675502
675503
675504
675505
675506
675507
675508
675516
675517
675518
675519
675520
675521
675522
675531
675532
675533
675534
675535
675536
675537
675538
675546
675547
675548
675549
675550
675551
675552
675561
675562
675563
675564
675565
675566
675567
675576
675577
675578
675579
675580
675581
675582
675591
675592
675593
675594
675595
675596
675597
675606
675607
675608
675609
675610
675611
675612
675621
675622
675623
675624
675625
675626
675627
)
;
    flipMap         List<bool> 447{0};
}
wall_circ_z015
{
    type            faceZone;
    faceLabels      List<label> 
1584
(
670405
670406
670407
670408
670409
670410
670411
670412
670413
670414
670415
670416
670418
670419
670420
670421
670422
670423
670424
670425
670426
670427
670428
670429
670431
670432
670433
670434
670435
670436
670437
670438
670439
670440
670441
670442
670444
670445
670446
670447
670448
670449
670450
670451
670452
670453
670454
670455
670457
670458
670459
670460
670461
670462
670463
670464
670465
670466
670467
670468
670470
670471
670472
670473
670474
670475
670476
670477
670478
670479
670480
670481
670483
670484
670485
670486
670487
670488
670489
670490
670491
670492
670493
670494
670496
670497
670498
670499
670500
670501
670502
670503
670504
670505
670506
670507
670509
670510
670511
670512
670513
670514
670515
670516
670517
670518
670519
670520
670522
670523
670524
670525
670526
670527
670528
670529
670530
670531
670532
670533
670535
670536
670537
670538
670539
670540
670541
670542
670543
670544
670545
670546
670548
670549
670550
670551
670552
670553
670554
670555
670556
670557
670558
670559
670884
670885
670886
670887
670888
670889
670890
670891
670892
670893
670894
670895
670896
670897
670898
670899
670900
670901
670902
670903
670904
670905
670906
670907
670908
670909
670910
670911
670912
670913
670914
670915
670916
670917
670918
670919
670920
670921
670922
670923
670924
670925
670926
670927
670928
670929
670930
670931
670932
670933
670934
670935
670936
670937
670938
670939
670940
670941
670942
670943
670944
670945
670946
670947
670948
670949
670950
670951
670952
670953
670954
670955
670956
670957
670958
670959
670960
670961
670962
670963
670964
670965
670966
670967
670968
670969
670970
670971
670972
670973
670974
670975
670976
670977
670978
670979
670980
670981
670982
670983
670984
670985
670986
670987
670988
670989
670990
670991
670992
670993
670994
670995
670996
670997
670998
670999
671000
671001
671002
671003
671004
671005
671006
671007
671008
671009
671010
671011
671012
671013
671014
671015
671184
671186
671188
671190
671192
671194
671196
671198
671200
671202
671204
671206
671726
671727
671728
671729
671730
671731
671732
671733
671734
671735
671736
671737
671753
671754
671755
671756
671757
671758
671759
671760
671761
671762
671763
671764
671780
671781
671782
671783
671784
671785
671786
671787
671788
671789
671790
671791
671807
671808
671809
671810
671811
671812
671813
671814
671815
671816
671817
671818
671834
671835
671836
671837
671838
671839
671840
671841
671842
671843
671844
671845
671861
671862
671863
671864
671865
671866
671867
671868
671869
671870
671871
671872
671888
671889
671890
671891
671892
671893
671894
671895
671896
671897
671898
671899
671915
671916
671917
671918
671919
671920
671921
671922
671923
671924
671925
671926
671942
671943
671944
671945
671946
671947
671948
671949
671950
671951
671952
671953
671969
671970
671971
671972
671973
671974
671975
671976
671977
671978
671979
671980
671996
671997
671998
671999
672000
672001
672002
672003
672004
672005
672006
672007
672191
672193
672195
672197
672199
672201
672203
672205
672207
672209
672211
672213
684408
684409
684410
684411
684412
684413
684414
684415
684416
684417
684418
684419
684420
684421
684422
684423
684424
684425
684426
684427
684428
684429
684430
684431
684432
684433
684434
684435
684436
684437
684438
684439
684440
684441
684442
684443
684444
684445
684446
684447
684448
684449
684450
684451
684452
684453
684454
684455
684456
684457
684458
684459
684460
684461
684462
684463
684464
684465
684466
684467
684468
684469
684470
684471
684472
684473
684474
684475
684476
684477
684478
684479
684480
684481
684482
684483
684484
684485
684486
684487
684488
684489
684490
684491
684492
684493
684494
684495
684496
684497
684498
684499
684500
684501
684502
684503
684504
684505
684506
684507
684508
684509
684510
684511
684512
684513
684514
684515
684516
684517
684518
684519
684520
684521
684522
684523
684524
684525
684526
684527
684528
684529
684530
684531
684532
684533
684534
684535
684536
684537
684538
684539
684540
684541
684542
684543
684544
684545
684546
684547
684548
684549
684550
684551
684552
684553
684554
684555
684556
684557
684558
684559
684560
684561
684562
684563
684564
684565
684566
684567
684568
684569
684570
684571
684572
684573
684574
684575
684576
684577
684578
684579
684580
684581
684582
684583
684584
684585
684586
684587
684588
684589
684590
684591
684592
684593
684594
684595
684596
684597
684598
684599
684600
684601
684602
684603
684604
684605
684606
684607
684608
684609
684610
684611
684612
684613
684614
684615
684616
684617
684618
684619
684620
684621
684622
684623
684624
684625
684626
684627
684628
684629
684630
684631
684632
684633
684634
684635
684636
684637
684638
684639
684640
684641
684642
684643
684644
684645
684646
684647
684648
684649
684650
684651
684652
684653
684654
684655
684656
684657
684658
684659
684660
684661
684662
684663
684664
684665
684666
684667
684668
684669
684670
684671
684672
684673
684674
684675
684676
684677
684678
684679
684680
684681
684682
684683
684684
684685
684686
684687
684688
684689
684690
684691
684692
684693
684694
684695
684696
684697
684698
684699
684700
684701
684702
684703
684704
684705
684706
684707
684708
684709
684710
684711
684712
684713
684714
684715
684716
684717
684718
684719
684720
684721
684722
684723
684724
684725
684726
684727
684728
684729
684730
684731
684732
684733
684734
684735
684736
684737
684738
684739
684740
684741
684742
684743
684744
684745
684746
684747
684748
684749
684750
684751
684752
684753
684754
684755
684756
684757
684758
684759
684760
684761
684762
684763
684764
684765
684766
684767
684768
684769
684770
684771
684772
684773
684774
684775
684776
684777
684778
684779
684780
684781
684782
684783
684784
684785
684786
684787
684788
684789
684790
684791
684792
684793
684794
684795
684796
684797
684798
684799
684800
684801
684802
684803
684804
684805
684806
684807
684808
684809
684810
684811
684812
684813
684814
684815
684816
684817
684818
684819
684820
684821
684822
684823
684824
684825
684826
684827
684828
684829
684830
684831
684832
684833
684834
684835
684836
684837
684838
684839
684840
684841
684842
684843
684844
684845
684846
684847
684848
684849
684850
684851
684852
684853
684854
684855
684856
684857
684858
684859
684860
684861
684862
684863
684864
684865
684866
684867
684868
684869
684870
684871
684872
684873
684874
684875
684876
684877
684878
684879
684880
684881
684882
684883
684884
684885
684886
684887
684888
684889
684890
684891
684892
684893
684894
684895
684896
684897
684898
684899
684900
684901
684902
684903
684904
684905
684906
684907
684908
684909
684910
684911
684912
684913
684914
684915
684916
684917
684918
684919
684920
684921
684922
684923
684924
684925
684926
684927
684928
684929
684930
684931
684932
684933
684934
684935
684936
684937
684938
684939
684940
684941
684942
684943
684944
684945
684946
684947
684948
684949
684950
684951
684952
684953
684954
684955
684956
684957
684958
684959
684960
684961
684962
684963
684964
684965
684966
684967
684968
684969
684970
684971
684972
684973
684974
684975
684976
684977
684978
684979
684980
684981
684982
684983
684984
684985
684986
684987
684988
684989
684990
684991
684992
684993
684994
684995
684996
684997
684998
684999
685000
685001
685002
685003
685004
685005
685006
685007
685008
685009
685010
685011
685012
685013
685014
685015
685016
685017
685018
685019
685020
685021
685022
685023
685024
685025
685026
685027
685028
685029
685030
685031
685032
685033
685034
685035
685036
685037
685038
685039
685040
685041
685042
685043
685044
685045
685046
685047
685048
685049
685050
685051
685052
685053
685054
685055
685056
685057
685058
685059
685060
685061
685062
685063
685064
685065
685066
685067
685068
685069
685070
685071
685072
685073
685074
685075
685076
685077
685078
685079
685080
685081
685082
685083
685084
685085
685086
685087
685088
685089
685090
685091
685092
685093
685094
685095
685096
685097
685098
685099
685100
685101
685102
685103
685104
685105
685106
685107
685108
685109
685110
685111
685112
685113
685114
685115
685116
685117
685118
685119
685120
685121
685122
685123
685124
685125
685126
685127
685128
685129
685130
685131
685132
685133
685134
685135
685136
685137
685138
685139
685140
685141
685142
685143
685144
685145
685146
685147
685148
685149
685150
685151
685152
685153
685154
685155
685156
685157
685158
685159
685160
685161
685162
685163
685164
685165
685166
685167
685168
685169
685170
685171
685172
685173
685174
685175
685176
685177
685178
685179
685180
685181
685182
685183
685184
685185
685186
685187
685188
685189
685190
685191
685192
685193
685194
685195
685196
685197
685198
685199
685200
685201
685202
685203
685204
685205
685206
685207
685208
685209
685210
685211
685212
685213
685214
685215
685216
685217
685218
685219
685220
685221
685222
685223
685224
685225
685226
685227
685228
685229
685230
685231
685232
685233
685234
685235
685236
685237
685238
685239
685240
685241
685242
685243
685244
685245
685246
685247
685248
685249
685250
685251
685252
685253
685254
685255
685256
685257
685258
685259
685260
685261
685262
685263
685264
685265
685266
685267
685268
685269
685270
685271
685272
685273
685274
685275
685276
685277
685278
685279
685280
685281
685282
685283
685284
685285
685286
685287
685288
685289
685290
685291
685292
685293
685294
685295
685296
685297
685298
685299
685300
685301
685302
685303
685304
685305
685306
685307
685308
685309
685310
685311
685312
685313
685314
685315
685316
685317
685318
685319
685320
685321
685322
685323
685324
685325
685326
685327
685328
685329
685330
685331
685332
685333
685334
685335
685336
685337
685338
685339
685340
685341
685342
685343
685344
685345
685346
685347
685348
685349
685350
685351
685352
685353
685354
685355
685356
685357
685358
685359
685360
685361
685362
685363
685364
685365
685366
685367
685368
685369
685370
685371
685372
685373
685374
685375
685376
685377
685378
685379
685380
685381
685382
685383
685384
685385
685386
685387
685388
685389
685390
685391
685392
685393
685394
685395
685396
685397
685398
685399
685400
685401
685402
685403
685404
685405
685406
685407
685408
685409
685410
685411
685412
685413
685414
685415
685416
685417
685418
685419
685420
685421
685422
685423
685424
685425
685426
685427
685428
685429
685430
685431
685432
685433
685434
685435
685436
685437
685438
685439
685440
685441
685442
685443
685444
685445
685446
685447
685448
685449
685450
685451
685452
685453
685454
685455
685456
685457
685458
685459
685460
685461
685462
685463
685464
685465
685466
685467
685468
685469
685470
685471
685472
685473
685474
685475
685476
685477
685478
685479
685480
685481
685482
685483
685484
685485
685486
685487
685488
685489
685490
685491
685492
685493
685494
685495
685496
685497
685498
685499
685500
685501
685502
685503
685504
685505
685506
685507
685508
685509
685510
685511
685512
685513
685514
685515
685516
685517
685518
685519
685520
685521
685522
685523
685524
685525
685526
685527
685528
685529
685530
685531
685532
685533
685534
685535
685536
685537
685538
685539
685540
685541
685542
685543
685544
685545
685546
685547
685548
685549
685550
685551
685552
685553
685554
685555
685556
685557
685558
685559
)
;
    flipMap         List<bool> 
1584
(
0
0
0
0
0
0
0
0
0
0
0
0
0
0
0
0
0
0
0
0
0
0
0
0
0
0
0
0
0
0
0
0
0
0
0
0
0
0
0
0
0
0
0
0
0
0
0
0
0
0
0
0
0
0
0
0
0
0
0
0
0
0
0
0
0
0
0
0
0
0
0
0
0
0
0
0
0
0
0
0
0
0
0
0
0
0
0
0
0
0
0
0
0
0
0
0
0
0
0
0
0
0
0
0
0
0
0
0
0
0
0
0
0
0
0
0
0
0
0
0
0
0
0
0
0
0
0
0
0
0
0
0
0
0
0
0
0
0
0
0
0
0
0
0
0
0
0
0
0
0
0
0
0
0
0
0
0
0
0
0
0
0
0
0
0
0
0
0
0
0
0
0
0
0
0
0
0
0
0
0
0
0
0
0
0
0
0
0
0
0
0
0
0
0
0
0
0
0
0
0
0
0
0
0
0
0
0
0
0
0
0
0
0
0
0
0
0
0
0
0
0
0
0
0
0
0
0
0
0
0
0
0
0
0
0
0
0
0
0
0
0
0
0
0
0
0
0
0
0
0
0
0
0
0
0
0
0
0
0
0
0
0
0
0
0
0
0
0
0
0
0
0
0
0
0
0
0
0
0
0
0
0
0
0
0
0
0
0
0
0
0
0
0
0
0
0
0
0
0
0
0
0
0
0
0
0
0
0
0
0
0
0
0
0
0
0
0
0
0
0
0
0
0
0
0
0
0
0
0
0
0
0
0
0
0
0
0
0
0
0
0
0
0
0
0
0
0
0
0
0
0
0
0
0
0
0
0
0
0
0
0
0
0
0
0
0
0
0
0
0
0
0
0
0
0
0
0
0
0
0
0
0
0
0
0
0
0
0
0
0
0
0
0
0
0
0
0
0
0
0
0
0
0
0
0
0
0
0
0
0
0
0
0
0
0
0
0
0
0
0
0
0
0
0
0
0
0
0
0
0
0
0
0
0
0
0
0
0
0
0
0
0
0
0
0
0
0
0
0
0
0
0
0
0
0
0
0
0
0
0
0
0
0
0
0
0
0
0
0
0
0
0
0
0
0
0
0
0
0
0
0
0
0
0
0
0
0
0
0
0
0
0
0
0
0
0
0
0
0
0
0
0
0
0
0
0
0
0
0
0
0
0
0
0
0
0
0
0
0
0
0
0
0
0
0
0
0
0
0
0
0
0
0
0
0
0
0
0
0
0
0
0
0
0
0
0
0
0
0
0
0
0
0
0
0
0
0
0
0
0
0
0
0
0
0
0
0
0
0
0
0
0
0
0
0
0
0
0
0
0
0
0
0
0
0
0
0
0
0
0
0
0
0
0
0
0
0
0
0
0
0
0
0
0
0
0
0
0
0
0
0
0
0
0
0
0
0
0
0
0
0
0
0
0
0
0
0
0
0
0
0
0
0
0
0
0
0
0
0
0
0
0
0
0
0
0
0
0
0
0
0
0
0
0
0
0
0
0
0
0
0
0
0
0
0
0
0
0
0
0
0
0
0
0
0
0
0
0
0
0
0
0
0
0
0
0
0
0
0
0
0
0
0
0
0
0
0
0
0
0
0
0
0
0
0
0
0
0
0
0
0
0
0
0
0
0
0
0
0
0
0
0
0
0
0
0
0
0
0
0
0
0
0
0
0
0
0
0
0
0
0
0
0
0
0
0
0
0
0
0
0
0
0
0
0
0
0
0
0
0
0
0
0
0
0
0
0
0
0
0
0
0
0
0
0
0
0
0
0
0
0
0
0
0
0
0
0
0
0
0
0
0
0
0
0
0
0
0
0
0
0
0
0
0
0
0
0
0
0
0
0
0
0
0
0
0
0
0
0
0
0
0
0
0
0
0
0
0
0
0
0
0
0
0
0
0
0
0
0
0
0
0
0
0
0
0
0
0
0
0
0
0
0
0
0
0
0
0
0
0
0
0
0
0
0
0
0
0
0
0
0
0
0
0
0
0
0
0
0
0
0
0
0
0
0
0
0
0
0
0
0
0
0
0
0
0
0
0
0
0
0
0
0
0
0
0
0
0
0
0
0
0
0
0
0
0
0
0
0
0
0
0
0
0
0
0
0
0
0
0
0
0
0
0
0
0
0
0
0
0
0
0
0
0
0
0
0
0
0
0
0
0
0
0
0
0
0
0
0
0
0
0
0
0
0
0
0
0
0
0
0
0
0
0
0
0
0
0
0
0
0
0
0
0
0
0
0
0
0
0
0
0
0
0
0
0
0
0
0
0
0
0
0
0
0
0
0
0
1
1
1
1
1
1
1
1
1
1
1
1
1
1
1
1
1
1
1
1
1
1
1
1
1
1
1
1
1
1
1
1
1
1
1
1
1
1
1
1
1
1
1
1
1
1
1
1
1
1
1
1
1
1
1
1
1
1
1
1
1
1
1
1
1
1
1
1
1
1
1
1
1
1
1
1
1
1
1
1
1
1
1
1
1
1
1
1
1
1
1
1
1
1
1
1
1
1
1
1
1
1
1
1
1
1
1
1
1
1
1
1
1
1
1
1
1
1
1
1
1
1
1
1
1
1
1
1
1
1
1
1
1
1
1
1
1
1
1
1
1
1
1
1
1
1
1
1
1
1
1
1
1
1
1
1
1
1
1
1
1
1
1
1
1
1
1
1
1
1
1
1
1
1
1
1
1
1
1
1
1
1
1
1
1
1
1
1
1
1
1
1
1
1
1
1
1
1
1
1
1
1
1
1
1
1
1
1
1
1
1
1
1
1
1
1
1
1
1
1
1
1
1
1
1
1
1
1
1
1
1
1
1
1
1
1
1
1
1
1
1
1
1
1
1
1
1
1
1
1
1
1
1
1
1
1
1
1
1
1
1
1
1
1
1
1
1
1
1
1
1
1
1
1
1
1
1
1
1
1
1
1
1
1
1
1
1
1
1
1
1
1
1
1
1
1
1
1
1
1
1
1
1
1
1
1
1
1
1
1
1
1
1
1
1
1
1
1
1
1
1
1
1
1
1
1
1
1
1
1
1
1
1
1
1
1
1
1
1
1
1
1
1
1
1
1
1
1
1
1
1
1
1
1
1
1
1
1
1
1
1
1
1
1
1
1
1
1
1
1
1
1
1
1
1
1
1
1
1
1
1
1
1
1
1
1
1
1
1
1
1
1
1
1
1
1
1
1
1
1
1
1
1
1
1
1
1
1
1
1
1
1
1
1
1
1
1
1
1
1
1
1
1
1
1
1
1
1
1
1
1
1
1
1
1
1
1
1
1
1
1
1
1
1
1
1
1
1
1
1
1
1
1
1
1
1
1
1
1
1
1
1
1
1
1
1
1
1
1
1
1
1
1
1
1
1
1
1
1
1
1
1
1
1
1
1
1
1
1
1
1
1
1
1
1
1
1
1
1
1
1
1
1
1
1
1
1
1
1
1
1
1
1
1
1
1
1
1
1
1
1
1
1
1
1
1
1
1
1
1
1
1
1
1
1
1
1
1
1
1
1
1
1
1
1
1
1
1
1
1
1
1
1
1
1
1
1
1
1
1
1
1
1
1
1
1
1
1
1
1
1
1
1
1
1
1
)
;
}
wall_circ_z035
{
    type            faceZone;
    faceLabels      List<label> 
1152
(
685560
685561
685562
685563
685564
685565
685566
685567
685568
685569
685570
685571
685572
685573
685574
685575
685576
685577
685578
685579
685580
685581
685582
685583
685584
685585
685586
685587
685588
685589
685590
685591
685592
685593
685594
685595
685596
685597
685598
685599
685600
685601
685602
685603
685604
685605
685606
685607
685608
685609
685610
685611
685612
685613
685614
685615
685616
685617
685618
685619
685620
685621
685622
685623
685624
685625
685626
685627
685628
685629
685630
685631
685632
685633
685634
685635
685636
685637
685638
685639
685640
685641
685642
685643
685644
685645
685646
685647
685648
685649
685650
685651
685652
685653
685654
685655
685656
685657
685658
685659
685660
685661
685662
685663
685664
685665
685666
685667
685668
685669
685670
685671
685672
685673
685674
685675
685676
685677
685678
685679
685680
685681
685682
685683
685684
685685
685686
685687
685688
685689
685690
685691
685692
685693
685694
685695
685696
685697
685698
685699
685700
685701
685702
685703
685704
685705
685706
685707
685708
685709
685710
685711
685712
685713
685714
685715
685716
685717
685718
685719
685720
685721
685722
685723
685724
685725
685726
685727
685728
685729
685730
685731
685732
685733
685734
685735
685736
685737
685738
685739
685740
685741
685742
685743
685744
685745
685746
685747
685748
685749
685750
685751
685752
685753
685754
685755
685756
685757
685758
685759
685760
685761
685762
685763
685764
685765
685766
685767
685768
685769
685770
685771
685772
685773
685774
685775
685776
685777
685778
685779
685780
685781
685782
685783
685784
685785
685786
685787
685788
685789
685790
685791
685792
685793
685794
685795
685796
685797
685798
685799
685800
685801
685802
685803
685804
685805
685806
685807
685808
685809
685810
685811
685812
685813
685814
685815
685816
685817
685818
685819
685820
685821
685822
685823
685824
685825
685826
685827
685828
685829
685830
685831
685832
685833
685834
685835
685836
685837
685838
685839
685840
685841
685842
685843
685844
685845
685846
685847
685848
685849
685850
685851
685852
685853
685854
685855
685856
685857
685858
685859
685860
685861
685862
685863
685864
685865
685866
685867
685868
685869
685870
685871
685872
685873
685874
685875
685876
685877
685878
685879
685880
685881
685882
685883
685884
685885
685886
685887
685888
685889
685890
685891
685892
685893
685894
685895
685896
685897
685898
685899
685900
685901
685902
685903
685904
685905
685906
685907
685908
685909
685910
685911
685912
685913
685914
685915
685916
685917
685918
685919
685920
685921
685922
685923
685924
685925
685926
685927
685928
685929
685930
685931
685932
685933
685934
685935
685936
685937
685938
685939
685940
685941
685942
685943
685944
685945
685946
685947
685948
685949
685950
685951
685952
685953
685954
685955
685956
685957
685958
685959
685960
685961
685962
685963
685964
685965
685966
685967
685968
685969
685970
685971
685972
685973
685974
685975
685976
685977
685978
685979
685980
685981
685982
685983
685984
685985
685986
685987
685988
685989
685990
685991
685992
685993
685994
685995
685996
685997
685998
685999
686000
686001
686002
686003
686004
686005
686006
686007
686008
686009
686010
686011
686012
686013
686014
686015
686016
686017
686018
686019
686020
686021
686022
686023
686024
686025
686026
686027
686028
686029
686030
686031
686032
686033
686034
686035
686036
686037
686038
686039
686040
686041
686042
686043
686044
686045
686046
686047
686048
686049
686050
686051
686052
686053
686054
686055
686056
686057
686058
686059
686060
686061
686062
686063
686064
686065
686066
686067
686068
686069
686070
686071
686072
686073
686074
686075
686076
686077
686078
686079
686080
686081
686082
686083
686084
686085
686086
686087
686088
686089
686090
686091
686092
686093
686094
686095
686096
686097
686098
686099
686100
686101
686102
686103
686104
686105
686106
686107
686108
686109
686110
686111
686112
686113
686114
686115
686116
686117
686118
686119
686120
686121
686122
686123
686124
686125
686126
686127
686128
686129
686130
686131
686132
686133
686134
686135
686136
686137
686138
686139
686140
686141
686142
686143
686144
686145
686146
686147
686148
686149
686150
686151
686152
686153
686154
686155
686156
686157
686158
686159
686160
686161
686162
686163
686164
686165
686166
686167
686168
686169
686170
686171
686172
686173
686174
686175
686176
686177
686178
686179
686180
686181
686182
686183
686184
686185
686186
686187
686188
686189
686190
686191
686192
686193
686194
686195
686196
686197
686198
686199
686200
686201
686202
686203
686204
686205
686206
686207
686208
686209
686210
686211
686212
686213
686214
686215
686216
686217
686218
686219
686220
686221
686222
686223
686224
686225
686226
686227
686228
686229
686230
686231
686232
686233
686234
686235
686236
686237
686238
686239
686240
686241
686242
686243
686244
686245
686246
686247
686248
686249
686250
686251
686252
686253
686254
686255
686256
686257
686258
686259
686260
686261
686262
686263
686264
686265
686266
686267
686268
686269
686270
686271
686272
686273
686274
686275
686276
686277
686278
686279
686280
686281
686282
686283
686284
686285
686286
686287
686288
686289
686290
686291
686292
686293
686294
686295
686296
686297
686298
686299
686300
686301
686302
686303
686304
686305
686306
686307
686308
686309
686310
686311
686312
686313
686314
686315
686316
686317
686318
686319
686320
686321
686322
686323
686324
686325
686326
686327
686328
686329
686330
686331
686332
686333
686334
686335
686336
686337
686338
686339
686340
686341
686342
686343
686344
686345
686346
686347
686348
686349
686350
686351
686352
686353
686354
686355
686356
686357
686358
686359
686360
686361
686362
686363
686364
686365
686366
686367
686368
686369
686370
686371
686372
686373
686374
686375
686376
686377
686378
686379
686380
686381
686382
686383
686384
686385
686386
686387
686388
686389
686390
686391
686392
686393
686394
686395
686396
686397
686398
686399
686400
686401
686402
686403
686404
686405
686406
686407
686408
686409
686410
686411
686412
686413
686414
686415
686416
686417
686418
686419
686420
686421
686422
686423
686424
686425
686426
686427
686428
686429
686430
686431
686432
686433
686434
686435
686436
686437
686438
686439
686440
686441
686442
686443
686444
686445
686446
686447
686448
686449
686450
686451
686452
686453
686454
686455
686456
686457
686458
686459
686460
686461
686462
686463
686464
686465
686466
686467
686468
686469
686470
686471
686472
686473
686474
686475
686476
686477
686478
686479
686480
686481
686482
686483
686484
686485
686486
686487
686488
686489
686490
686491
686492
686493
686494
686495
686496
686497
686498
686499
686500
686501
686502
686503
686504
686505
686506
686507
686508
686509
686510
686511
686512
686513
686514
686515
686516
686517
686518
686519
686520
686521
686522
686523
686524
686525
686526
686527
686528
686529
686530
686531
686532
686533
686534
686535
686536
686537
686538
686539
686540
686541
686542
686543
686544
686545
686546
686547
686548
686549
686550
686551
686552
686553
686554
686555
686556
686557
686558
686559
686560
686561
686562
686563
686564
686565
686566
686567
686568
686569
686570
686571
686572
686573
686574
686575
686576
686577
686578
686579
686580
686581
686582
686583
686584
686585
686586
686587
686588
686589
686590
686591
686592
686593
686594
686595
686596
686597
686598
686599
686600
686601
686602
686603
686604
686605
686606
686607
686608
686609
686610
686611
686612
686613
686614
686615
686616
686617
686618
686619
686620
686621
686622
686623
686624
686625
686626
686627
686628
686629
686630
686631
686632
686633
686634
686635
686636
686637
686638
686639
686640
686641
686642
686643
686644
686645
686646
686647
686648
686649
686650
686651
686652
686653
686654
686655
686656
686657
686658
686659
686660
686661
686662
686663
686664
686665
686666
686667
686668
686669
686670
686671
686672
686673
686674
686675
686676
686677
686678
686679
686680
686681
686682
686683
686684
686685
686686
686687
686688
686689
686690
686691
686692
686693
686694
686695
686696
686697
686698
686699
686700
686701
686702
686703
686704
686705
686706
686707
686708
686709
686710
686711
)
;
    flipMap         List<bool> 
1152
(
0
0
0
0
0
0
0
0
0
0
0
0
0
0
0
0
0
0
0
0
0
0
0
0
0
0
0
0
0
0
0
0
0
0
0
0
0
0
0
0
0
0
0
0
0
0
0
0
0
0
0
0
0
0
0
0
0
0
0
0
0
0
0
0
0
0
0
0
0
0
0
0
0
0
0
0
0
0
0
0
0
0
0
0
0
0
0
0
0
0
0
0
0
0
0
0
0
0
0
0
0
0
0
0
0
0
0
0
0
0
0
0
0
0
0
0
0
0
0
0
0
0
0
0
0
0
0
0
0
0
0
0
0
0
0
0
0
0
0
0
0
0
0
0
0
0
0
0
0
0
0
0
0
0
0
0
0
0
0
0
0
0
0
0
0
0
0
0
0
0
0
0
0
0
0
0
0
0
0
0
0
0
0
0
0
0
0
0
0
0
0
0
0
0
0
0
0
0
0
0
0
0
0
0
0
0
0
0
0
0
0
0
0
0
0
0
0
0
0
0
0
0
0
0
0
0
0
0
0
0
0
0
0
0
0
0
0
0
0
0
0
0
0
0
0
0
0
0
0
0
0
0
0
0
0
0
0
0
0
0
0
0
0
0
0
0
0
0
0
0
0
0
0
0
0
0
0
0
0
0
0
0
0
0
0
0
0
0
0
0
0
0
0
0
0
0
0
0
0
0
0
0
0
0
0
0
0
0
0
0
0
0
0
0
0
0
0
0
0
0
0
0
0
0
0
0
0
0
0
0
0
0
0
0
0
0
0
0
0
0
0
0
0
0
0
0
0
0
0
0
0
0
0
0
0
0
0
0
0
0
0
0
0
0
0
0
0
0
0
0
0
0
0
0
0
0
0
0
0
0
0
0
0
0
0
0
0
0
0
0
0
0
0
0
0
0
0
0
0
0
0
0
0
0
0
0
0
0
0
0
0
0
0
0
0
0
0
0
0
0
0
0
0
0
0
0
0
0
0
0
0
0
0
0
0
0
0
0
0
0
0
0
0
0
0
0
0
0
0
0
0
0
0
0
0
0
0
0
0
0
0
0
0
0
0
0
0
0
0
0
0
0
0
0
0
0
0
0
0
0
0
0
0
0
0
0
0
0
0
0
0
0
0
0
0
0
0
0
0
0
0
0
0
0
0
0
0
0
0
0
0
0
0
0
0
0
0
0
0
0
0
0
0
0
0
0
0
0
0
0
0
0
0
0
0
0
0
0
0
0
0
0
0
0
0
0
0
0
0
0
0
0
0
0
0
0
0
0
0
0
0
0
0
0
0
0
0
0
0
0
0
0
0
0
0
0
1
1
1
1
1
1
1
1
1
1
1
1
1
1
1
1
1
1
1
1
1
1
1
1
1
1
1
1
1
1
1
1
1
1
1
1
1
1
1
1
1
1
1
1
1
1
1
1
1
1
1
1
1
1
1
1
1
1
1
1
1
1
1
1
1
1
1
1
1
1
1
1
1
1
1
1
1
1
1
1
1
1
1
1
1
1
1
1
1
1
1
1
1
1
1
1
1
1
1
1
1
1
1
1
1
1
1
1
1
1
1
1
1
1
1
1
1
1
1
1
1
1
1
1
1
1
1
1
1
1
1
1
1
1
1
1
1
1
1
1
1
1
1
1
1
1
1
1
1
1
1
1
1
1
1
1
1
1
1
1
1
1
1
1
1
1
1
1
1
1
1
1
1
1
1
1
1
1
1
1
1
1
1
1
1
1
1
1
1
1
1
1
1
1
1
1
1
1
1
1
1
1
1
1
1
1
1
1
1
1
1
1
1
1
1
1
1
1
1
1
1
1
1
1
1
1
1
1
1
1
1
1
1
1
1
1
1
1
1
1
1
1
1
1
1
1
1
1
1
1
1
1
1
1
1
1
1
1
1
1
1
1
1
1
1
1
1
1
1
1
1
1
1
1
1
1
1
1
1
1
1
1
1
1
1
1
1
1
1
1
1
1
1
1
1
1
1
1
1
1
1
1
1
1
1
1
1
1
1
1
1
1
1
1
1
1
1
1
1
1
1
1
1
1
1
1
1
1
1
1
1
1
1
1
1
1
1
1
1
1
1
1
1
1
1
1
1
1
1
1
1
1
1
1
1
1
1
1
1
1
1
1
1
1
1
1
1
1
1
1
1
1
1
1
1
1
1
1
1
1
1
1
1
1
1
1
1
1
1
1
1
1
1
1
1
1
1
1
1
1
1
1
1
1
1
1
1
1
1
1
1
1
1
1
1
1
1
1
1
1
1
1
1
1
1
1
1
1
1
1
1
1
1
1
1
1
1
1
1
1
1
1
1
1
1
1
1
1
1
1
1
1
1
1
1
1
1
1
1
1
1
1
1
1
1
1
1
1
1
1
1
1
1
1
1
1
1
1
1
1
1
1
1
1
1
1
1
1
1
1
1
1
1
1
1
1
1
1
1
1
1
1
1
1
1
1
1
1
1
1
1
1
1
1
1
1
1
1
1
1
1
1
1
1
1
1
1
1
1
1
1
1
1
1
1
1
1
1
1
1
1
1
1
1
1
1
1
1
1
1
1
1
1
1
1
1
1
1
1
1
1
1
1
1
1
1
1
1
1
1
1
1
1
1
1
1
)
;
}
)

// ************************************************************************* //
