/*--------------------------------*- C++ -*----------------------------------*\
| =========                 |                                                 |
| \\      /  F ield         | OpenFOAM: The Open Source CFD Toolbox           |
|  \\    /   O peration     | Version:  2512                                  |
|   \\  /    A nd           | Website:  www.openfoam.com                      |
|    \\/     M anipulation  |                                                 |
\*---------------------------------------------------------------------------*/
FoamFile
{
    version     2.0;
    format      ascii;
    arch        "LSB;label=32;scalar=64";
    class       faceList;
    location    "constant/heatSource/polyMesh";
    object      faces;
}
// * * * * * * * * * * * * * * * * * * * * * * * * * * * * * * * * * * * * * //


3724
(
3(148 447 182)
3(447 219 182)
3(148 219 447)
3(460 283 501)
3(167 501 283)
3(167 460 501)
3(167 283 460)
3(583 584 320)
3(359 583 320)
3(359 584 583)
3(359 320 584)
3(376 595 378)
3(365 378 595)
3(365 595 376)
3(532 309 321)
3(532 346 309)
3(532 321 346)
3(207 244 422)
3(207 458 244)
3(207 422 458)
3(422 244 458)
3(376 594 595)
3(376 569 594)
3(376 595 569)
3(36 198 94)
3(234 36 94)
3(234 198 36)
3(244 384 422)
3(244 495 384)
3(244 422 495)
3(244 384 207)
3(207 384 422)
3(378 594 595)
3(376 594 378)
3(95 37 235)
3(235 37 198)
3(95 198 37)
3(425 204 120)
3(425 120 121)
3(425 121 204)
3(306 488 536)
3(306 528 488)
3(306 536 528)
3(36 37 198)
3(36 198 394)
3(394 198 37)
3(287 500 510)
3(500 261 510)
3(287 261 500)
3(287 510 261)
3(386 166 461)
3(502 461 166)
3(502 166 386)
3(451 178 491)
3(451 414 178)
3(414 491 178)
3(278 298 507)
3(278 507 337)
3(298 337 507)
3(486 419 247)
3(486 292 419)
3(247 419 292)
3(486 247 292)
3(370 367 523)
3(367 323 523)
3(370 523 323)
3(182 484 485)
3(484 260 485)
3(182 260 484)
3(182 485 260)
3(491 178 215)
3(491 258 178)
3(491 215 258)
3(588 359 347)
3(588 347 584)
3(588 584 359)
3(359 584 347)
3(283 501 521)
3(283 521 460)
3(522 507 337)
3(525 522 337)
3(525 337 507)
3(142 438 25)
3(142 400 438)
3(142 25 400)
3(525 278 473)
3(473 278 507)
3(525 507 278)
3(425 166 461)
3(425 386 166)
3(216 76 155)
3(154 76 216)
3(76 450 216)
3(76 216 77)
3(216 450 77)
3(445 126 8)
3(184 8 126)
3(184 445 8)
3(184 126 445)
3(532 276 346)
3(461 346 276)
3(461 276 532)
3(461 532 346)
3(476 526 352)
3(476 352 268)
3(526 268 352)
3(476 268 526)
3(271 477 253)
3(477 479 253)
3(271 479 477)
3(271 253 479)
3(370 525 570)
3(370 570 337)
3(370 337 525)
3(337 570 525)
3(13 406 130)
3(443 13 130)
3(443 130 406)
3(247 457 419)
3(486 457 247)
3(415 451 157)
3(451 215 157)
3(415 215 451)
3(415 157 215)
3(493 487 286)
3(175 286 487)
3(175 487 493)
3(175 493 286)
3(238 201 468)
3(238 468 303)
3(201 303 468)
3(445 126 9)
3(508 534 316)
3(316 534 511)
3(508 316 511)
3(488 181 514)
3(488 411 181)
3(514 181 411)
3(431 302 198)
3(394 198 302)
3(431 394 302)
3(431 198 394)
3(393 38 235)
3(235 38 199)
3(393 199 38)
3(393 235 199)
3(434 90 396)
3(434 32 90)
3(90 32 396)
3(547 333 342)
3(547 342 522)
3(547 522 333)
3(522 342 333)
3(450 76 179)
3(413 179 76)
3(450 179 413)
3(101 428 43)
3(101 44 428)
3(399 3 86)
3(28 399 86)
3(101 428 391)
3(101 391 43)
3(321 555 309)
3(532 309 555)
3(532 555 321)
3(446 220 69)
3(410 69 220)
3(410 220 446)
3(216 179 450)
3(76 179 216)
3(262 512 270)
3(270 512 322)
3(262 322 512)
3(398 231 475)
3(398 435 231)
3(475 231 435)
3(415 157 79)
3(415 80 157)
3(580 350 344)
3(580 360 350)
3(580 344 360)
3(449 412 180)
3(449 180 489)
3(180 412 489)
3(136 226 440)
3(190 440 226)
3(190 136 440)
3(567 360 580)
3(592 580 360)
3(592 360 567)
3(136 135 440)
3(440 135 226)
3(440 19 135)
3(136 19 440)
3(440 18 135)
3(502 520 283)
3(502 243 520)
3(283 520 243)
3(502 283 243)
3(225 404 499)
3(225 499 441)
3(225 441 404)
3(535 309 532)
3(503 309 535)
3(503 532 309)
3(354 348 575)
3(565 354 575)
3(565 348 354)
3(565 575 348)
3(164 124 388)
3(389 388 124)
3(389 124 164)
3(389 164 388)
3(206 168 423)
3(116 423 168)
3(206 423 116)
3(215 491 451)
3(178 215 451)
3(183 446 261)
3(183 220 446)
3(261 446 220)
3(456 319 466)
3(302 319 456)
3(302 466 319)
3(302 456 466)
3(104 389 0)
3(104 124 389)
3(0 389 124)
3(206 168 599)
3(206 599 423)
3(168 423 599)
3(133 225 441)
3(133 17 225)
3(441 225 17)
3(133 441 17)
3(146 220 69)
3(446 146 69)
3(446 220 146)
3(168 384 57)
3(168 207 384)
3(57 384 207)
3(168 57 207)
3(406 511 270)
3(406 270 482)
3(482 270 511)
3(470 299 392)
3(469 392 299)
3(469 299 470)
3(367 317 582)
3(317 323 582)
3(367 582 323)
3(168 384 58)
3(168 58 57)
3(443 129 224)
3(443 130 129)
3(443 224 130)
3(552 482 322)
3(316 322 482)
3(552 316 482)
3(552 322 316)
3(486 315 556)
3(315 529 556)
3(486 529 315)
3(256 558 492)
3(256 492 518)
3(256 518 558)
3(554 563 363)
3(554 363 325)
3(554 325 563)
3(563 325 363)
3(168 58 423)
3(116 423 58)
3(168 116 58)
3(168 384 423)
3(118 424 385)
3(167 424 118)
3(167 385 424)
3(167 118 385)
3(111 420 170)
3(111 382 420)
3(170 420 382)
3(111 170 382)
3(327 291 457)
3(530 457 291)
3(530 291 327)
3(530 327 457)
3(351 348 575)
3(354 351 575)
3(381 600 52)
3(420 52 600)
3(420 600 381)
3(491 215 517)
3(517 215 255)
3(491 517 255)
3(491 255 215)
3(417 161 83)
3(417 84 161)
3(197 395 92)
3(35 92 395)
3(35 197 92)
3(35 395 197)
3(217 152 449)
3(153 449 152)
3(153 217 449)
3(537 314 467)
3(537 547 314)
3(547 467 314)
3(196 433 91)
3(233 91 433)
3(196 233 433)
3(238 468 428)
3(238 497 468)
3(238 428 497)
3(531 263 547)
3(547 263 505)
3(531 505 263)
3(491 516 258)
3(557 258 516)
3(557 491 258)
3(136 403 19)
3(136 20 403)
3(585 541 343)
3(585 343 557)
3(557 343 541)
3(550 320 562)
3(583 562 320)
3(583 320 550)
3(381 52 171)
3(51 171 52)
3(51 381 171)
3(491 258 252)
3(491 252 178)
3(343 361 585)
3(343 585 368)
3(585 361 368)
3(464 201 237)
3(282 464 237)
3(282 201 464)
3(253 477 325)
3(253 481 477)
3(477 481 325)
3(253 325 481)
3(513 257 241)
3(513 241 490)
3(257 490 241)
3(513 490 257)
3(527 347 584)
3(561 584 347)
3(561 347 527)
3(401 141 140)
3(192 401 140)
3(192 141 401)
3(527 320 584)
3(347 320 527)
3(347 584 320)
3(238 301 497)
3(238 497 202)
3(497 301 202)
3(312 561 527)
3(312 469 561)
3(312 527 469)
3(482 512 270)
3(443 270 512)
3(482 270 443)
3(185 408 445)
3(9 408 185)
3(9 185 445)
3(262 224 512)
3(262 512 186)
3(224 186 512)
3(197 395 233)
3(233 395 92)
3(510 287 408)
3(500 408 287)
3(558 250 256)
3(558 492 250)
3(250 492 256)
3(250 334 558)
3(558 334 256)
3(410 182 485)
3(410 220 182)
3(220 485 182)
3(410 485 220)
3(224 512 270)
3(291 381 209)
3(291 171 381)
3(381 171 209)
3(565 561 348)
3(566 348 561)
3(566 565 348)
3(550 320 466)
3(466 320 562)
3(194 86 29)
3(28 86 194)
3(28 194 29)
3(392 598 299)
3(470 299 598)
3(470 598 392)
3(361 568 373)
3(361 345 568)
3(568 345 373)
3(591 374 582)
3(590 582 374)
3(591 590 374)
3(498 291 381)
3(498 209 291)
3(498 381 209)
3(482 512 322)
3(270 482 322)
3(578 329 580)
3(528 580 329)
3(528 329 578)
3(581 336 567)
3(592 336 581)
3(592 567 336)
3(100 42 391)
3(100 391 429)
3(100 429 42)
3(411 150 181)
3(411 149 150)
3(411 181 149)
3(409 446 183)
3(409 183 68)
3(183 446 68)
3(393 280 466)
3(466 280 472)
3(393 472 280)
3(560 242 340)
3(459 560 340)
3(459 242 560)
3(459 340 242)
3(315 556 247)
3(486 247 556)
3(486 315 247)
3(436 227 20)
3(403 227 436)
3(403 20 227)
3(223 128 444)
3(223 444 127)
3(127 444 128)
3(168 244 384)
3(444 186 128)
3(223 186 444)
3(503 165 276)
3(425 276 165)
3(425 503 276)
3(425 165 503)
3(387 165 121)
3(387 122 165)
3(387 121 122)
3(535 462 301)
3(240 535 301)
3(240 301 462)
3(240 462 535)
3(476 542 352)
3(542 526 352)
3(256 452 177)
3(256 177 518)
3(256 518 452)
3(518 177 452)
3(42 429 99)
3(41 99 429)
3(581 336 362)
3(571 336 581)
3(571 581 362)
3(571 362 336)
3(211 48 107)
3(211 106 48)
3(252 450 490)
3(252 490 516)
3(252 516 450)
3(475 289 398)
3(437 289 475)
3(437 398 289)
3(441 188 476)
3(441 265 188)
3(441 476 265)
3(476 188 265)
3(568 368 586)
3(585 368 568)
3(585 586 368)
3(393 280 431)
3(431 280 466)
3(558 334 541)
3(255 541 334)
3(255 558 541)
3(255 334 558)
3(234 394 279)
3(471 234 279)
3(471 394 234)
3(471 279 394)
3(461 243 502)
3(461 166 243)
3(243 166 502)
3(272 540 313)
3(267 540 272)
3(267 313 540)
3(394 198 234)
3(394 279 198)
3(559 364 569)
3(569 364 544)
3(559 544 364)
3(293 192 505)
3(293 505 263)
3(505 192 263)
3(555 303 321)
3(555 309 303)
3(471 297 279)
3(471 234 297)
3(393 235 431)
3(431 235 280)
3(393 280 235)
3(351 520 575)
3(351 348 520)
3(520 348 575)
3(245 169 383)
3(458 169 245)
3(458 383 169)
3(458 245 383)
3(192 401 467)
3(192 467 505)
3(192 505 401)
3(420 170 209)
3(420 209 111)
3(366 592 578)
3(344 578 592)
3(344 366 578)
3(344 592 366)
3(257 539 330)
3(305 330 539)
3(305 539 257)
3(508 264 316)
3(508 316 268)
3(508 268 264)
3(383 245 208)
3(383 208 169)
3(355 559 364)
3(355 364 569)
3(355 569 559)
3(472 527 300)
3(472 300 320)
3(472 320 527)
3(320 300 527)
3(343 335 557)
3(557 335 258)
3(343 557 258)
3(316 508 526)
3(316 526 534)
3(85 174 163)
3(85 4 174)
3(410 182 484)
3(586 593 377)
3(377 593 594)
3(586 377 594)
3(250 492 176)
3(492 214 176)
3(250 214 492)
3(299 392 281)
3(299 200 392)
3(392 200 281)
3(517 451 215)
3(388 65 203)
3(426 203 65)
3(426 388 203)
3(531 307 547)
3(531 263 307)
3(547 307 263)
3(574 353 530)
3(579 530 353)
3(574 579 353)
3(206 285 599)
3(168 599 285)
3(250 254 533)
3(250 533 304)
3(304 533 254)
3(485 261 510)
3(500 261 485)
3(143 437 193)
3(400 193 437)
3(143 193 400)
3(143 400 437)
3(172 211 49)
3(172 49 107)
3(211 107 49)
3(508 405 188)
3(508 188 476)
3(476 188 405)
3(39 199 393)
3(39 430 199)
3(393 199 430)
3(525 523 370)
3(370 523 570)
3(327 247 457)
3(291 457 247)
3(185 444 408)
3(185 10 444)
3(185 408 10)
3(579 353 328)
3(579 345 353)
3(579 328 345)
3(327 315 556)
3(327 556 247)
3(478 509 226)
3(509 440 226)
3(478 226 440)
3(404 499 267)
3(267 499 225)
3(404 267 225)
3(596 375 362)
3(597 375 596)
3(597 362 375)
3(597 596 362)
3(172 50 108)
3(172 108 49)
3(172 49 50)
3(371 594 593)
3(597 371 593)
3(597 594 371)
3(376 377 594)
3(594 377 568)
3(376 594 568)
3(376 568 377)
3(524 580 350)
3(524 350 536)
3(580 536 350)
3(406 511 187)
3(270 187 511)
3(270 406 187)
3(267 189 509)
3(404 267 509)
3(404 509 189)
3(404 189 267)
3(378 594 591)
3(378 591 595)
3(525 523 318)
3(525 318 370)
3(370 318 523)
3(234 432 394)
3(234 471 432)
3(231 289 398)
3(475 289 231)
3(471 317 546)
3(471 549 317)
3(546 317 549)
3(378 594 375)
3(591 375 594)
3(378 375 591)
3(504 318 525)
3(504 523 318)
3(465 297 546)
3(465 471 297)
3(546 297 471)
3(271 477 325)
3(570 367 590)
3(590 367 582)
3(570 582 367)
3(416 176 453)
3(519 176 416)
3(519 453 176)
3(222 445 409)
3(222 409 184)
3(409 445 184)
3(222 184 445)
3(504 473 318)
3(275 473 504)
3(275 318 473)
3(275 504 318)
3(420 498 246)
3(420 246 494)
3(498 494 246)
3(493 453 175)
3(453 213 175)
3(493 213 453)
3(493 175 213)
3(548 557 335)
3(557 516 335)
3(548 335 516)
3(249 455 286)
3(455 248 286)
3(249 248 455)
3(338 559 364)
3(338 355 559)
3(474 274 298)
3(474 232 274)
3(474 298 232)
3(416 452 214)
3(416 214 492)
3(492 214 452)
3(557 343 368)
3(557 368 335)
3(289 437 193)
3(437 230 193)
3(289 230 437)
3(591 358 369)
3(572 358 591)
3(572 369 358)
3(572 591 369)
3(195 88 397)
3(435 397 88)
3(435 195 397)
3(435 88 195)
3(374 591 358)
3(374 369 591)
3(283 521 520)
3(502 521 283)
3(591 582 358)
3(582 572 358)
3(141 229 401)
3(229 438 401)
3(141 401 438)
3(141 438 229)
3(50 108 210)
3(50 210 172)
3(578 344 580)
3(578 329 344)
3(344 329 580)
3(415 158 177)
3(415 157 158)
3(415 177 157)
3(262 483 512)
3(538 262 512)
3(538 483 262)
3(442 14 131)
3(15 442 131)
3(247 171 419)
3(457 171 247)
3(457 419 171)
3(291 457 381)
3(291 171 457)
3(381 457 171)
3(582 358 374)
3(585 334 558)
3(574 558 334)
3(574 334 585)
3(593 578 366)
3(593 366 592)
3(201 101 391)
3(100 201 391)
3(100 391 101)
3(469 300 430)
3(469 472 300)
3(472 430 300)
3(87 398 435)
3(87 231 398)
3(87 435 231)
3(482 316 534)
3(482 511 316)
3(236 300 430)
3(300 281 430)
3(236 430 281)
3(526 336 567)
3(526 581 336)
3(391 100 43)
3(316 511 264)
3(508 264 511)
3(476 352 265)
3(476 265 268)
3(349 572 358)
3(317 358 572)
3(317 572 349)
3(24 401 141)
3(24 140 401)
3(453 175 417)
3(493 417 175)
3(236 199 430)
3(300 430 199)
3(520 461 243)
3(36 234 432)
3(36 394 234)
3(226 189 509)
3(267 226 509)
3(338 284 559)
3(326 559 284)
3(338 559 326)
3(284 245 559)
3(458 245 284)
3(458 284 559)
3(458 559 245)
3(304 315 556)
3(304 556 327)
3(120 425 166)
3(204 166 425)
3(172 380 49)
3(211 49 380)
3(172 211 380)
3(338 245 559)
3(61 119 424)
3(61 424 118)
3(119 118 424)
3(453 161 175)
3(453 213 161)
3(382 53 111)
3(53 420 111)
3(544 345 568)
3(579 568 345)
3(544 579 345)
3(109 210 50)
3(350 324 536)
3(536 324 306)
3(350 536 306)
3(552 567 360)
3(580 552 360)
3(532 276 309)
3(451 79 156)
3(78 451 156)
3(451 79 157)
3(451 157 156)
3(482 524 322)
3(524 512 322)
3(277 462 497)
3(277 463 462)
3(277 497 463)
3(222 500 409)
3(222 445 500)
3(552 580 350)
3(524 552 350)
3(184 67 7)
3(184 7 8)
3(184 8 67)
3(262 524 324)
3(524 538 324)
3(262 538 524)
3(262 324 538)
3(219 514 484)
3(219 260 514)
3(484 514 260)
3(219 484 260)
3(202 103 45)
3(202 45 102)
3(537 333 474)
3(537 474 274)
3(333 274 474)
3(537 274 333)
3(560 339 340)
3(560 242 339)
3(333 474 522)
3(537 333 522)
3(183 68 145)
3(67 68 183)
3(67 183 145)
3(212 454 163)
3(162 163 454)
3(162 454 212)
3(542 499 265)
3(542 265 313)
3(499 313 265)
3(542 313 499)
3(497 301 535)
3(497 462 301)
3(247 210 419)
3(171 419 210)
3(88 397 89)
3(195 89 397)
3(310 580 329)
3(310 528 580)
3(310 329 528)
3(317 471 297)
3(317 279 471)
3(587 563 363)
3(587 363 554)
3(133 188 441)
3(225 441 188)
3(132 405 133)
3(405 188 133)
3(132 188 405)
3(522 507 333)
3(522 333 337)
3(333 507 337)
3(183 68 146)
3(17 225 134)
3(267 499 509)
3(267 509 540)
3(267 540 499)
3(333 474 507)
3(333 307 547)
3(307 342 547)
3(415 158 452)
3(415 452 177)
3(158 177 452)
3(477 402 253)
3(402 479 253)
3(333 474 298)
3(507 298 474)
3(507 333 298)
3(225 265 441)
3(225 499 265)
3(499 441 265)
3(417 161 175)
3(453 161 417)
3(536 524 324)
3(524 350 324)
3(508 221 442)
3(508 264 221)
3(508 442 264)
3(442 221 264)
3(152 180 449)
3(152 449 412)
3(152 412 180)
3(578 366 356)
3(578 356 593)
3(356 366 593)
3(371 594 375)
3(378 594 371)
3(411 149 71)
3(411 72 149)
3(388 123 124)
3(164 123 388)
3(580 310 344)
3(580 350 310)
3(229 192 401)
3(467 229 401)
3(467 192 229)
3(533 250 519)
3(254 533 519)
3(254 519 250)
3(524 322 552)
3(503 240 276)
3(503 165 240)
3(282 555 303)
3(282 321 555)
3(591 369 595)
3(583 595 369)
3(583 369 591)
3(502 205 460)
3(502 424 205)
3(205 424 460)
3(354 595 359)
3(588 595 354)
3(588 354 359)
3(588 359 595)
3(48 173 47)
3(48 106 173)
3(173 106 47)
3(514 181 296)
3(514 296 219)
3(514 219 181)
3(327 530 353)
3(530 328 353)
3(327 328 530)
3(464 429 201)
3(201 429 391)
3(464 201 391)
3(517 518 255)
3(177 255 518)
3(177 517 255)
3(177 518 517)
3(304 556 533)
3(574 304 533)
3(574 556 304)
3(464 237 429)
3(464 470 237)
3(470 429 237)
3(431 38 235)
3(344 580 592)
3(454 84 162)
3(417 162 84)
3(417 454 162)
3(216 77 155)
3(581 362 592)
3(597 362 581)
3(597 592 362)
3(336 362 592)
3(366 362 592)
3(336 366 592)
3(458 244 284)
3(458 284 207)
3(201 237 429)
3(545 260 485)
3(484 260 545)
3(227 20 21)
3(436 227 21)
3(274 506 474)
3(274 537 506)
3(238 391 468)
3(238 201 391)
3(201 468 391)
3(473 507 196)
3(196 507 396)
3(473 196 396)
3(224 129 407)
3(186 407 129)
3(186 224 407)
3(366 578 329)
3(356 578 329)
3(388 123 65)
3(388 66 123)
3(388 124 66)
3(66 124 389)
3(92 395 34)
3(200 41 98)
3(200 99 41)
3(234 93 36)
3(36 93 432)
3(234 432 93)
3(537 314 480)
3(467 480 314)
3(101 102 428)
3(428 102 44)
3(281 430 469)
3(300 281 469)
3(461 346 243)
3(461 243 276)
3(586 593 356)
3(377 356 593)
3(586 356 377)
3(529 493 286)
3(493 519 286)
3(529 286 519)
3(480 437 193)
3(480 289 437)
3(480 193 289)
3(356 586 589)
3(356 589 593)
3(203 426 122)
3(203 165 426)
3(426 165 122)
3(537 314 288)
3(537 288 480)
3(288 314 480)
3(202 390 497)
3(202 497 428)
3(202 428 390)
3(387 165 462)
3(462 165 503)
3(387 503 165)
3(437 230 143)
3(425 63 121)
3(425 120 63)
3(438 229 467)
3(438 467 273)
3(438 273 229)
3(273 467 229)
3(178 77 78)
3(178 155 77)
3(178 78 155)
3(290 382 246)
3(290 494 382)
3(290 246 494)
3(494 246 382)
3(21 227 137)
3(227 20 137)
3(238 391 428)
3(31 88 397)
3(31 397 89)
3(463 277 427)
3(390 427 277)
3(390 277 463)
3(212 454 174)
3(174 454 163)
3(29 435 87)
3(398 29 87)
3(397 232 434)
3(232 89 434)
3(397 434 89)
3(397 89 232)
3(123 65 203)
3(388 123 203)
3(236 40 97)
3(98 40 236)
3(437 230 194)
3(437 194 399)
3(194 230 399)
3(437 399 230)
3(268 526 316)
3(508 526 268)
3(438 273 480)
3(438 193 273)
3(438 480 193)
3(480 273 193)
3(447 410 182)
3(447 182 484)
3(147 220 69)
3(488 296 514)
3(488 181 296)
3(447 149 71)
3(447 411 149)
3(295 180 489)
3(295 489 251)
3(251 489 180)
3(447 484 219)
3(514 447 219)
3(148 447 410)
3(148 410 182)
3(472 320 466)
3(472 550 320)
3(219 182 484)
3(260 514 296)
3(238 101 391)
3(417 161 162)
3(175 417 162)
3(238 101 428)
3(378 595 359)
3(354 595 378)
3(421 208 290)
3(421 290 382)
3(208 382 290)
3(421 382 208)
3(487 249 175)
3(487 175 212)
3(487 212 249)
3(420 209 246)
3(498 246 209)
3(420 498 209)
3(498 291 457)
3(170 382 246)
3(170 290 382)
3(421 55 208)
3(208 55 54)
3(421 208 54)
3(421 383 208)
3(383 55 208)
3(420 246 170)
3(420 382 246)
3(245 421 208)
3(245 290 421)
3(489 251 217)
3(513 217 251)
3(513 489 217)
3(513 251 489)
3(337 342 570)
3(370 570 342)
3(413 179 513)
3(449 513 179)
3(449 179 413)
3(513 241 179)
3(513 413 241)
3(179 241 413)
3(150 448 411)
3(411 448 181)
3(150 181 448)
3(436 253 402)
3(191 402 253)
3(436 402 191)
3(436 191 253)
3(564 340 459)
3(564 560 340)
3(555 303 535)
3(535 303 468)
3(555 468 303)
3(203 462 463)
3(426 462 203)
3(426 203 463)
3(234 432 297)
3(432 197 297)
3(234 197 432)
3(323 546 582)
3(323 582 523)
3(323 523 546)
3(541 518 255)
3(541 255 517)
3(432 297 471)
3(455 487 286)
3(493 455 286)
3(21 227 138)
3(190 478 440)
3(403 190 440)
3(403 478 190)
3(398 399 194)
3(194 399 28)
3(398 194 28)
3(249 487 286)
3(455 487 249)
3(535 309 555)
3(573 595 354)
3(573 354 588)
3(535 240 309)
3(503 309 240)
3(503 240 535)
3(465 323 546)
3(465 297 323)
3(546 323 297)
3(406 187 130)
3(406 130 224)
3(406 224 187)
3(466 280 320)
3(320 280 472)
3(455 286 529)
3(299 470 566)
3(299 561 470)
3(299 566 561)
3(436 253 477)
3(431 302 235)
3(431 235 198)
3(213 453 160)
3(453 176 160)
3(213 176 453)
3(453 161 160)
3(453 160 82)
3(453 82 161)
3(224 443 270)
3(224 512 443)
3(380 292 419)
3(380 486 292)
3(443 270 406)
3(224 443 406)
3(224 406 270)
3(196 396 91)
3(433 91 396)
3(196 433 396)
3(543 330 589)
3(329 589 330)
3(329 330 543)
3(329 543 589)
3(222 261 500)
3(222 500 287)
3(456 319 562)
3(466 562 319)
3(469 527 300)
3(443 12 129)
3(443 129 13)
3(443 129 407)
3(443 407 224)
3(12 129 407)
3(574 327 353)
3(574 353 304)
3(574 304 327)
3(345 544 364)
3(311 364 544)
3(311 544 345)
3(454 84 163)
3(279 471 456)
3(279 549 471)
3(279 456 549)
3(212 454 379)
3(212 379 174)
3(454 174 379)
3(513 257 179)
3(251 543 330)
3(543 257 330)
3(251 257 543)
3(85 454 163)
3(174 454 85)
3(442 405 221)
3(508 221 405)
3(218 515 259)
3(295 515 218)
3(295 259 515)
3(565 347 561)
3(565 584 347)
3(543 330 539)
3(539 330 589)
3(184 6 7)
3(184 67 6)
3(347 561 348)
3(565 347 348)
3(16 133 405)
3(441 133 16)
3(441 405 133)
3(465 432 297)
3(132 442 405)
3(132 405 221)
3(132 221 442)
3(525 473 318)
3(166 62 120)
3(166 119 62)
3(197 465 297)
3(197 275 465)
3(465 275 297)
3(196 90 434)
3(90 232 434)
3(196 434 232)
3(196 90 396)
3(196 396 434)
3(316 511 270)
3(511 264 270)
3(394 456 279)
3(279 319 456)
3(279 456 302)
3(452 81 158)
3(80 452 158)
3(465 197 432)
3(432 197 395)
3(465 395 197)
3(545 294 485)
3(294 260 485)
3(545 260 294)
3(312 561 347)
3(312 347 527)
3(571 542 313)
3(571 313 540)
3(542 540 313)
3(582 358 367)
3(582 367 374)
3(508 221 188)
3(405 188 221)
3(591 375 597)
3(597 375 594)
3(436 481 253)
3(436 227 481)
3(227 253 481)
3(436 253 227)
3(399 3 2)
3(399 2 86)
3(562 349 583)
3(562 320 349)
3(349 320 583)
3(474 397 232)
3(474 232 434)
3(433 92 91)
3(433 233 92)
3(508 268 221)
3(508 188 268)
3(508 268 476)
3(476 268 188)
3(493 519 213)
3(213 519 286)
3(493 213 286)
3(587 341 363)
3(577 587 363)
3(577 341 587)
3(577 363 341)
3(359 583 369)
3(349 369 583)
3(359 349 583)
3(292 172 380)
3(292 419 172)
3(380 172 419)
3(536 260 324)
3(536 545 260)
3(536 324 545)
3(545 324 260)
3(380 292 248)
3(380 248 172)
3(535 309 303)
3(200 392 41)
3(200 41 429)
3(200 429 392)
3(103 45 239)
3(202 239 45)
3(235 38 96)
3(96 38 199)
3(437 289 194)
3(487 417 175)
3(561 347 331)
3(312 561 331)
3(402 479 191)
3(191 479 253)
3(507 298 196)
3(434 507 196)
3(434 196 298)
3(434 298 507)
3(535 301 309)
3(377 371 594)
3(377 593 371)
3(238 301 468)
3(497 468 301)
3(547 314 333)
3(547 333 537)
3(333 314 537)
3(120 425 62)
3(62 425 166)
3(349 572 369)
3(214 452 177)
3(256 452 214)
3(317 582 358)
3(301 303 468)
3(301 535 303)
3(301 468 535)
3(492 250 519)
3(533 250 492)
3(546 297 317)
3(317 549 279)
3(279 549 319)
3(317 319 549)
3(339 521 351)
3(283 351 521)
3(339 283 521)
3(560 339 573)
3(339 340 573)
3(560 573 340)
3(280 319 466)
3(466 319 320)
3(533 529 254)
3(519 254 529)
3(439 401 140)
3(439 140 192)
3(439 192 401)
3(189 18 134)
3(189 135 18)
3(260 514 536)
3(260 536 306)
3(260 306 514)
3(536 514 306)
3(260 484 536)
3(99 429 237)
3(200 429 99)
3(200 237 429)
3(356 357 589)
3(586 589 357)
3(356 586 357)
3(336 360 526)
3(336 567 360)
3(567 526 360)
3(548 557 357)
3(557 335 357)
3(548 357 335)
3(218 180 412)
3(515 180 218)
3(515 218 412)
3(515 412 180)
3(286 315 529)
3(315 254 529)
3(286 529 254)
3(292 210 419)
3(530 498 291)
3(486 455 248)
3(455 529 248)
3(486 248 529)
3(453 519 213)
3(574 327 530)
3(87 435 30)
3(30 435 88)
3(87 88 435)
3(204 166 461)
3(204 461 425)
3(356 589 330)
3(329 589 356)
3(254 519 286)
3(213 519 254)
3(357 589 330)
3(356 589 578)
3(452 159 158)
3(452 81 159)
3(401 140 23)
3(23 140 439)
3(521 242 501)
3(283 501 242)
3(283 242 521)
3(329 589 578)
3(547 576 307)
3(531 307 576)
3(372 587 341)
3(372 363 587)
3(354 347 588)
3(531 479 271)
3(531 271 263)
3(271 479 263)
3(531 263 479)
3(420 110 111)
3(420 209 110)
3(332 554 325)
3(271 325 554)
3(332 271 554)
3(376 371 594)
3(372 596 374)
3(372 375 596)
3(596 375 374)
3(575 351 521)
3(520 521 351)
3(600 52 171)
3(600 171 381)
3(339 575 560)
3(339 573 575)
3(313 542 336)
3(313 352 542)
3(542 352 336)
3(171 109 52)
3(110 171 52)
3(171 109 51)
3(261 485 294)
3(261 220 485)
3(294 485 220)
3(104 389 1)
3(1 389 0)
3(576 342 522)
3(547 342 576)
3(186 407 128)
3(128 407 129)
3(590 576 342)
3(570 342 576)
3(570 590 342)
3(554 477 271)
3(554 271 479)
3(503 276 532)
3(503 461 276)
3(360 552 534)
3(360 534 567)
3(554 363 332)
3(202 428 238)
3(238 428 102)
3(202 102 428)
3(554 477 325)
3(416 159 176)
3(416 214 159)
3(416 176 214)
3(231 194 398)
3(194 289 398)
3(148 447 149)
3(148 71 447)
3(294 485 510)
3(294 510 545)
3(415 158 80)
3(574 327 556)
3(530 556 327)
3(416 159 160)
3(416 160 176)
3(537 314 274)
3(288 537 274)
3(15 405 132)
3(15 132 442)
3(547 314 307)
3(411 150 72)
3(448 72 150)
3(159 416 82)
3(81 416 159)
3(218 151 412)
3(180 412 151)
3(247 457 556)
3(327 556 457)
3(488 448 181)
3(542 571 336)
3(542 336 581)
3(447 149 219)
3(543 528 329)
3(543 329 578)
3(300 280 472)
3(571 336 313)
3(178 414 78)
3(178 77 414)
3(416 82 160)
3(149 219 411)
3(447 411 219)
3(574 353 361)
3(574 334 353)
3(574 361 334)
3(491 516 252)
3(516 258 252)
3(233 433 473)
3(196 233 473)
3(196 473 433)
3(378 369 595)
3(591 369 378)
3(317 546 582)
3(317 323 546)
3(372 590 576)
3(372 576 342)
3(372 342 590)
3(408 500 185)
3(445 185 500)
3(90 396 91)
3(278 473 318)
3(525 278 318)
3(585 334 541)
3(269 553 325)
3(553 308 325)
3(269 308 553)
3(498 291 328)
3(530 328 291)
3(530 498 328)
3(246 291 498)
3(304 529 533)
3(304 556 529)
3(563 477 325)
3(491 414 252)
3(414 516 252)
3(440 189 226)
3(440 135 189)
3(362 341 571)
3(362 571 313)
3(571 341 313)
3(444 287 510)
3(510 287 483)
3(444 483 287)
3(377 368 586)
3(377 568 368)
3(377 586 568)
3(481 325 563)
3(183 446 500)
3(183 500 261)
3(261 500 446)
3(194 398 87)
3(541 255 343)
3(541 258 255)
3(541 343 258)
3(183 409 500)
3(486 315 292)
3(271 554 531)
3(332 531 554)
3(332 271 531)
3(542 476 265)
3(476 499 265)
3(282 331 566)
3(321 282 566)
3(321 566 331)
3(466 280 302)
3(469 299 281)
3(469 281 312)
3(469 312 299)
3(560 501 242)
3(501 459 242)
3(39 199 38)
3(359 369 595)
3(542 336 526)
3(406 14 130)
3(130 14 187)
3(406 187 14)
3(326 340 459)
3(326 459 564)
3(326 564 340)
3(282 555 464)
3(464 555 303)
3(282 464 303)
3(228 191 479)
3(271 228 479)
3(271 479 191)
3(586 357 368)
3(586 377 357)
3(372 590 587)
3(372 587 576)
3(365 354 573)
3(595 354 365)
3(595 365 573)
3(202 45 390)
3(202 44 45)
3(202 390 44)
3(325 481 269)
3(269 481 253)
3(481 269 553)
3(481 553 325)
3(458 169 284)
3(322 262 524)
3(322 524 324)
3(178 78 451)
3(178 156 78)
3(178 451 156)
3(218 488 259)
3(218 515 488)
3(488 515 259)
3(515 180 295)
3(515 489 295)
3(515 180 489)
3(404 17 225)
3(189 225 17)
3(189 404 225)
3(189 17 404)
3(524 545 324)
3(538 324 545)
3(552 360 350)
3(542 352 265)
3(131 14 187)
3(429 100 201)
3(272 509 226)
3(272 478 509)
3(272 226 478)
3(272 269 478)
3(272 478 190)
3(190 478 269)
3(408 287 444)
3(185 444 287)
3(185 287 408)
3(579 530 328)
3(146 68 446)
3(299 566 282)
3(299 331 566)
3(282 555 566)
3(282 566 464)
3(438 25 141)
3(142 438 141)
3(454 487 212)
3(487 379 212)
3(513 179 217)
3(513 217 449)
3(217 179 449)
3(218 488 181)
3(488 259 181)
3(597 362 571)
3(223 483 186)
3(223 266 483)
3(266 186 483)
3(366 597 592)
3(366 362 597)
3(597 593 366)
3(438 24 141)
3(440 189 509)
3(339 521 575)
3(339 575 351)
3(363 563 308)
3(563 325 308)
3(563 363 577)
3(186 407 444)
3(128 444 407)
3(563 577 308)
3(553 308 577)
3(553 563 308)
3(331 561 348)
3(596 587 341)
3(372 587 596)
3(372 596 341)
3(251 543 329)
3(288 231 475)
3(288 475 289)
3(93 35 197)
3(332 531 263)
3(332 307 531)
3(475 506 231)
3(288 231 506)
3(288 506 475)
3(570 342 522)
3(577 308 363)
3(585 343 334)
3(585 334 361)
3(104 164 389)
3(45 239 46)
3(239 103 46)
3(321 555 566)
3(467 505 293)
3(467 293 192)
3(430 236 39)
3(236 199 39)
3(381 419 171)
3(104 239 389)
3(164 389 239)
3(343 334 541)
3(104 46 389)
3(46 239 389)
3(104 239 46)
3(61 166 424)
3(119 424 166)
3(119 166 61)
3(557 585 368)
3(139 439 22)
3(139 23 439)
3(549 319 456)
3(95 38 235)
3(235 38 37)
3(553 308 540)
3(577 540 308)
3(89 434 90)
3(191 22 138)
3(139 22 191)
3(317 546 572)
3(317 572 582)
3(596 577 341)
3(317 549 572)
3(516 335 258)
3(440 189 404)
3(596 590 372)
3(590 374 372)
3(596 374 590)
3(403 227 481)
3(217 449 180)
3(217 180 489)
3(217 489 449)
3(204 165 425)
3(276 204 425)
3(241 490 413)
3(596 362 341)
3(571 596 341)
3(571 362 596)
3(596 375 341)
3(282 470 566)
3(282 299 470)
3(191 22 21)
3(191 21 138)
3(179 153 76)
3(179 76 154)
3(410 70 147)
3(69 410 147)
3(159 214 452)
3(158 452 214)
3(277 202 390)
3(277 497 202)
3(277 390 497)
3(164 277 427)
3(463 164 427)
3(463 277 164)
3(392 281 469)
3(574 579 361)
3(579 353 361)
3(486 380 248)
3(455 248 380)
3(293 547 307)
3(293 263 547)
3(568 368 373)
3(568 373 377)
3(286 529 248)
3(452 416 159)
3(483 512 186)
3(483 186 262)
3(185 444 127)
3(185 223 444)
3(294 261 510)
3(294 287 510)
3(354 573 339)
3(365 339 573)
3(227 190 403)
3(227 403 269)
3(403 190 269)
3(200 392 40)
3(200 40 41)
3(198 94 37)
3(208 55 112)
3(54 208 112)
3(293 547 314)
3(382 54 111)
3(293 547 467)
3(293 467 314)
3(316 352 526)
3(410 70 148)
3(410 148 147)
3(148 447 70)
3(410 182 147)
3(444 127 10)
3(10 127 185)
3(565 588 354)
3(565 347 588)
3(565 354 347)
3(75 76 179)
3(75 179 153)
3(227 403 137)
3(403 20 137)
3(480 506 288)
3(288 506 537)
3(560 521 242)
3(59 117 385)
3(423 385 117)
3(59 423 117)
3(359 583 595)
3(575 588 354)
3(185 127 9)
3(185 9 126)
3(533 558 304)
3(574 304 558)
3(205 460 283)
3(502 283 460)
3(502 205 283)
3(250 533 558)
3(250 558 304)
3(568 364 569)
3(569 364 373)
3(568 569 373)
3(568 373 364)
3(505 439 228)
3(505 228 192)
3(228 439 192)
3(505 192 439)
3(557 357 586)
3(586 357 548)
3(442 264 511)
3(305 516 548)
3(305 548 335)
3(305 335 516)
3(590 374 367)
3(590 367 372)
3(316 270 482)
3(360 352 526)
3(360 526 316)
3(504 433 275)
3(433 395 275)
3(504 275 395)
3(557 357 368)
3(557 368 586)
3(433 92 34)
3(433 34 91)
3(233 275 395)
3(395 275 197)
3(315 529 248)
3(35 93 432)
3(304 529 254)
3(568 364 544)
3(543 539 257)
3(543 257 513)
3(513 257 539)
3(550 320 584)
3(550 527 320)
3(393 430 300)
3(393 300 472)
3(326 285 459)
3(459 285 340)
3(339 521 560)
3(5 47 174)
3(105 174 47)
3(5 174 105)
3(458 495 284)
3(244 284 495)
3(458 244 495)
3(577 308 341)
3(326 459 495)
3(326 495 564)
3(405 16 132)
3(571 577 341)
3(449 75 152)
3(74 449 152)
3(151 412 74)
3(151 73 412)
3(279 394 302)
3(394 456 302)
3(450 241 252)
3(241 490 252)
3(450 490 241)
3(262 512 524)
3(251 528 489)
3(295 489 528)
3(251 295 528)
3(294 182 485)
3(483 186 407)
3(483 444 186)
3(313 341 577)
3(313 577 308)
3(549 319 562)
3(449 75 153)
3(590 342 367)
3(570 367 342)
3(384 285 495)
3(244 285 384)
3(244 495 285)
3(583 588 359)
3(570 367 523)
3(370 367 570)
3(571 313 577)
3(577 313 540)
3(337 525 318)
3(179 75 413)
3(85 47 174)
3(5 85 174)
3(174 379 47)
3(174 85 379)
3(367 582 523)
3(8 125 184)
3(354 573 575)
3(354 575 339)
3(480 400 193)
3(349 572 583)
3(583 572 369)
3(184 125 7)
3(349 572 562)
3(50 172 380)
3(210 419 172)
3(355 564 573)
3(355 340 564)
3(355 573 340)
3(564 340 573)
3(50 210 419)
3(50 419 172)
3(207 57 422)
3(337 570 522)
3(304 529 315)
3(501 242 167)
3(196 278 507)
3(473 278 196)
3(173 212 379)
3(173 379 174)
3(35 432 197)
3(552 350 322)
3(524 322 350)
3(186 407 512)
3(183 222 409)
3(183 409 184)
3(224 512 407)
3(501 385 206)
3(423 206 385)
3(423 501 206)
3(398 437 194)
3(501 385 167)
3(501 167 206)
3(167 385 206)
3(183 222 500)
3(486 292 248)
3(74 412 152)
3(216 252 450)
3(216 450 241)
3(591 375 596)
3(520 346 461)
3(532 346 520)
3(442 14 187)
3(131 442 187)
3(444 287 223)
3(252 216 414)
3(178 414 216)
3(178 252 414)
3(21 191 402)
3(191 22 402)
3(450 216 414)
3(252 450 414)
3(99 100 429)
3(478 226 190)
3(10 444 128)
3(293 547 505)
3(200 430 281)
3(200 236 430)
3(397 88 30)
3(51 210 419)
3(51 50 210)
3(122 65 203)
3(434 32 89)
3(420 381 209)
3(337 342 522)
3(532 348 555)
3(565 555 348)
3(565 348 532)
3(585 579 361)
3(585 361 574)
3(272 509 267)
3(568 361 368)
3(585 361 568)
3(118 60 424)
3(474 397 274)
3(232 274 397)
3(355 373 569)
3(51 210 171)
3(51 171 419)
3(458 422 169)
3(383 169 422)
3(51 210 109)
3(61 166 386)
3(424 386 166)
3(403 137 190)
3(200 392 430)
3(200 430 40)
3(392 281 430)
3(62 61 166)
3(62 166 386)
3(576 307 342)
3(88 435 231)
3(503 276 309)
3(217 257 513)
3(257 251 513)
3(122 65 426)
3(200 598 299)
3(392 598 200)
3(282 464 470)
3(282 470 237)
3(236 40 39)
3(236 39 97)
3(100 429 237)
3(516 335 252)
3(574 304 334)
3(334 304 558)
3(200 40 236)
3(98 40 200)
3(345 568 364)
3(40 236 430)
3(434 89 31)
3(431 466 302)
3(431 302 456)
3(464 468 303)
3(321 348 555)
3(532 348 321)
3(237 598 299)
3(200 598 237)
3(579 568 361)
3(579 361 345)
3(403 440 136)
3(418 211 49)
3(418 380 211)
3(211 48 49)
3(227 269 481)
3(351 520 346)
3(351 243 520)
3(520 243 346)
3(319 562 320)
3(349 562 319)
3(211 48 418)
3(487 249 418)
3(249 455 418)
3(553 563 325)
3(553 478 269)
3(481 269 478)
3(136 137 403)
3(287 500 185)
3(222 500 185)
3(222 445 185)
3(425 121 165)
3(433 275 473)
3(449 179 75)
3(179 153 449)
3(433 275 233)
3(233 275 473)
3(249 173 418)
3(211 418 173)
3(211 249 418)
3(332 576 342)
3(332 372 576)
3(212 175 454)
3(454 175 162)
3(152 151 412)
3(454 487 175)
3(166 424 502)
3(487 379 173)
3(487 173 212)
3(328 498 246)
3(173 418 487)
3(173 487 249)
3(518 255 558)
3(569 355 564)
3(569 573 355)
3(433 395 92)
3(233 395 433)
3(211 380 248)
3(409 183 67)
3(442 511 187)
3(406 442 187)
3(405 441 188)
3(552 316 534)
3(173 418 379)
3(173 379 48)
3(173 47 379)
3(416 453 160)
3(376 569 568)
3(10 9 185)
3(173 418 48)
3(348 520 346)
3(252 305 490)
3(305 241 490)
3(591 369 375)
3(232 298 434)
3(278 233 473)
3(591 374 596)
3(591 375 374)
3(219 411 181)
3(436 21 191)
3(559 495 284)
3(223 483 444)
3(207 169 458)
3(207 422 169)
3(459 285 495)
3(384 285 459)
3(118 60 385)
3(326 285 495)
3(424 205 166)
3(205 502 166)
3(326 284 495)
3(326 495 244)
3(52 110 600)
3(110 171 600)
3(48 173 211)
3(564 559 326)
3(564 326 355)
3(326 559 355)
3(564 355 559)
3(448 515 218)
3(448 218 412)
3(488 448 218)
3(218 448 181)
3(237 470 299)
3(237 598 470)
3(184 409 8)
3(156 451 215)
3(506 195 435)
3(506 435 231)
3(506 231 195)
3(195 231 435)
3(183 146 446)
3(400 438 193)
3(142 400 193)
3(142 193 438)
3(475 480 289)
3(288 289 480)
3(288 480 273)
3(480 289 273)
3(136 190 403)
3(239 202 390)
3(277 239 390)
3(164 239 427)
3(239 277 427)
3(506 195 397)
3(388 463 164)
3(427 388 164)
3(506 397 274)
3(266 510 483)
3(266 538 510)
3(266 483 538)
3(543 251 528)
3(543 489 251)
3(218 448 150)
3(326 495 559)
3(145 67 184)
3(183 184 67)
3(228 439 479)
3(228 191 439)
3(439 191 479)
3(385 117 60)
3(118 117 385)
3(239 45 390)
3(195 397 274)
3(506 195 274)
3(202 44 102)
3(195 397 232)
3(255 518 256)
3(480 467 273)
3(520 351 283)
3(559 311 364)
3(559 544 311)
3(515 528 295)
3(528 515 259)
3(488 528 259)
3(117 423 206)
3(117 206 385)
3(517 215 177)
3(442 264 187)
3(264 511 187)
3(205 118 424)
3(119 205 424)
3(488 306 296)
3(488 296 259)
3(488 259 306)
3(116 117 423)
3(179 450 241)
3(514 306 296)
3(514 488 306)
3(266 294 545)
3(294 324 545)
3(266 545 324)
3(266 287 483)
3(510 287 266)
3(223 287 483)
3(266 510 545)
3(266 294 510)
3(541 258 491)
3(541 491 255)
3(491 258 255)
3(208 55 113)
3(494 421 290)
3(266 538 545)
3(505 479 228)
3(420 53 110)
3(420 110 52)
3(228 263 479)
3(505 479 263)
3(505 263 228)
3(139 191 439)
3(139 439 228)
3(439 191 402)
3(22 439 191)
3(311 338 559)
3(272 540 308)
3(313 308 540)
3(426 122 64)
3(202 428 44)
3(300 312 469)
3(203 463 164)
3(203 164 388)
3(203 388 463)
3(46 239 427)
3(427 239 389)
3(339 521 242)
3(277 462 203)
3(277 240 462)
3(240 203 462)
3(310 528 259)
3(310 306 528)
3(306 259 528)
3(321 348 566)
3(566 348 555)
3(205 424 167)
3(167 424 460)
3(205 167 460)
3(541 557 258)
3(277 462 301)
3(277 301 497)
3(277 463 203)
3(77 216 414)
3(453 83 161)
3(176 250 519)
3(492 176 519)
3(376 373 568)
3(376 569 373)
3(403 269 481)
3(222 126 445)
3(261 485 446)
3(332 576 554)
3(531 576 332)
3(189 17 134)
3(189 18 17)
3(220 485 446)
3(216 77 178)
3(420 110 600)
3(486 315 248)
3(320 312 527)
3(312 300 527)
3(33 91 396)
3(33 433 91)
3(267 499 265)
3(272 308 553)
3(272 553 269)
3(421 383 245)
3(272 509 540)
3(360 322 552)
3(266 262 483)
3(272 478 540)
3(272 553 540)
3(272 478 553)
3(393 199 300)
3(288 506 195)
3(288 274 506)
3(305 330 548)
3(548 330 539)
3(305 548 539)
3(442 221 187)
3(167 385 460)
3(492 452 256)
3(206 501 242)
3(176 254 519)
3(239 427 45)
3(243 461 204)
3(503 240 462)
3(475 480 288)
3(4 174 5)
3(469 299 561)
3(427 389 164)
3(299 561 312)
3(348 346 532)
3(142 438 229)
3(438 193 229)
3(266 538 262)
3(266 324 538)
3(273 314 480)
3(147 220 410)
3(331 561 299)
3(566 561 331)
3(514 411 219)
3(305 490 257)
3(257 490 539)
3(305 539 490)
3(305 516 490)
3(305 490 548)
3(305 516 252)
3(352 526 336)
3(434 298 474)
3(426 165 462)
3(387 165 426)
3(344 360 592)
3(126 445 185)
3(366 360 592)
3(184 67 409)
3(465 323 523)
3(395 275 465)
3(116 423 59)
3(462 203 165)
3(310 528 295)
3(295 528 259)
3(273 314 467)
3(504 275 465)
3(310 528 251)
3(360 552 316)
3(360 316 534)
3(442 131 132)
3(211 248 418)
3(418 248 249)
3(580 528 350)
3(536 350 528)
3(465 323 504)
3(504 323 523)
3(499 313 267)
3(465 275 323)
3(525 337 278)
3(278 473 275)
3(504 275 323)
3(576 307 332)
3(323 318 504)
3(323 523 318)
3(548 589 357)
3(245 559 311)
3(310 528 350)
3(464 201 468)
3(528 329 251)
3(461 204 276)
3(425 121 387)
3(425 387 165)
3(167 117 385)
3(349 549 572)
3(317 549 349)
3(549 562 349)
3(349 319 549)
3(360 592 336)
3(499 540 313)
3(520 348 565)
3(360 526 534)
3(371 366 597)
3(371 593 366)
3(331 566 348)
3(371 362 597)
3(418 380 248)
3(444 11 128)
3(11 407 128)
3(47 174 173)
3(305 548 357)
3(548 357 330)
3(371 356 593)
3(418 248 455)
3(597 371 375)
3(311 494 290)
3(311 246 494)
3(208 382 170)
3(208 382 112)
3(382 170 112)
3(300 280 393)
3(382 208 54)
3(382 112 54)
3(105 173 47)
3(382 111 112)
3(194 87 29)
3(431 280 302)
3(235 431 37)
3(431 198 37)
3(332 587 554)
3(332 576 587)
3(389 1 124)
3(239 427 390)
3(387 63 121)
3(189 18 440)
3(189 404 18)
3(332 587 363)
3(332 587 372)
3(415 215 517)
3(415 177 517)
3(415 215 177)
3(448 73 150)
3(548 330 589)
3(450 241 413)
3(415 177 518)
3(462 165 240)
3(387 64 121)
3(407 129 11)
3(256 255 558)
3(90 396 33)
3(228 439 140)
3(439 140 139)
3(348 532 520)
3(513 543 251)
3(399 86 194)
3(393 280 199)
3(39 97 199)
3(39 199 96)
3(194 398 29)
3(142 400 143)
3(448 150 151)
3(448 151 218)
3(448 73 151)
3(448 151 412)
3(376 355 569)
3(365 569 355)
3(365 376 569)
3(442 221 131)
3(285 242 459)
3(206 599 459)
3(206 459 423)
3(459 599 423)
3(206 285 459)
3(459 285 599)
3(454 417 175)
3(273 467 293)
3(293 467 229)
3(501 459 206)
3(206 459 242)
3(355 573 365)
3(365 573 340)
3(464 303 201)
3(425 461 276)
3(365 569 573)
3(365 569 595)
3(191 227 21)
3(191 436 227)
3(403 269 478)
3(168 285 384)
3(416 176 492)
3(197 93 432)
3(306 528 350)
3(213 519 176)
3(492 256 214)
3(502 205 243)
3(387 426 122)
3(387 122 64)
3(579 345 551)
3(544 551 345)
3(58 168 115)
3(115 207 57)
3(57 207 114)
3(115 57 168)
3(422 207 56)
3(57 56 207)
3(169 113 56)
3(114 169 56)
3(113 55 169)
3(169 55 56)
3(55 169 208)
3(142 26 400)
3(26 400 143)
3(143 144 399)
3(399 144 27)
3(143 399 27)
3(399 230 144)
3(143 230 399)
3(144 2 399)
3(144 399 3)
3(144 399 194)
3(144 86 399)
3(55 169 383)
3(422 169 56)
3(169 207 56)
3(399 26 143)
3(26 143 437)
3(143 399 437)
3(169 56 383)
3(114 207 56)
3(245 496 383)
3(245 421 496)
3(245 496 458)
3(245 496 559)
3(311 496 290)
3(494 496 311)
3(494 290 496)
3(245 496 290)
3(311 496 245)
3(551 246 494)
3(311 246 551)
3(311 551 494)
3(246 498 551)
3(246 551 328)
3(551 311 328)
3(551 328 498)
3(328 345 551)
3(579 328 551)
3(328 530 551)
3(311 345 551)
3(421 496 290)
3(494 311 544)
3(311 551 544)
3(496 311 544)
3(496 311 559)
3(110 600 209)
3(420 209 600)
3(237 598 429)
3(470 429 598)
3(200 598 429)
3(392 598 429)
3(600 209 171)
3(599 168 384)
3(599 384 423)
3(599 285 384)
3(599 384 459)
3(381 209 600)
3(2 144 3)
3(27 144 143)
3(141 140 24)
3(134 133 17)
3(12 129 11)
3(23 140 139)
3(16 133 132)
3(11 128 10)
3(142 26 143)
3(141 25 142)
3(138 22 139)
3(137 21 138)
3(136 20 137)
3(135 19 136)
3(134 18 135)
3(131 15 132)
3(130 14 131)
3(129 13 130)
3(10 127 9)
3(8 125 7)
3(9 126 8)
3(27 3 144)
3(27 143 26)
3(26 142 25)
3(25 141 24)
3(23 24 140)
3(23 139 22)
3(22 138 21)
3(21 137 20)
3(20 136 19)
3(19 135 18)
3(18 134 17)
3(16 17 133)
3(16 132 15)
3(15 131 14)
3(14 130 13)
3(13 129 12)
3(128 11 129)
3(127 10 128)
3(126 9 127)
3(125 8 126)
3(6 7 125)
3(104 103 46)
3(45 103 102)
3(97 96 39)
3(38 96 95)
3(31 89 88)
3(90 89 32)
3(101 44 102)
3(100 43 101)
3(99 42 100)
3(98 41 99)
3(97 40 98)
3(94 37 95)
3(93 36 94)
3(92 35 93)
3(91 34 92)
3(90 33 91)
3(86 29 87)
3(30 88 87)
3(0 104 1)
3(1 104 46)
3(45 46 103)
3(45 102 44)
3(44 101 43)
3(43 100 42)
3(42 99 41)
3(41 98 40)
3(40 97 39)
3(38 39 96)
3(38 95 37)
3(37 94 36)
3(36 93 35)
3(35 92 34)
3(34 91 33)
3(33 90 32)
3(31 32 89)
3(31 88 30)
3(30 87 29)
3(29 86 28)
3(28 86 3)
3(3 86 2)
3(124 66 123)
3(66 124 1)
3(62 119 120)
3(57 115 58)
3(55 112 113)
3(107 108 49)
3(62 120 63)
3(114 115 57)
3(55 113 56)
3(51 50 109)
3(123 65 122)
3(122 64 121)
3(119 61 118)
3(118 60 117)
3(117 59 116)
3(112 54 111)
3(111 53 110)
3(110 52 109)
3(106 107 48)
3(105 106 47)
3(4 105 5)
3(0 1 124)
3(65 123 66)
3(64 122 65)
3(63 121 64)
3(121 63 120)
3(61 119 62)
3(60 118 61)
3(59 117 60)
3(58 116 59)
3(116 58 115)
3(56 114 57)
3(114 56 113)
3(54 112 55)
3(53 111 54)
3(52 110 53)
3(51 109 52)
3(108 109 50)
3(50 49 108)
3(49 48 107)
3(48 47 106)
3(47 5 105)
3(84 161 162)
3(79 157 80)
3(154 155 76)
3(70 147 148)
3(84 162 163)
3(156 157 79)
3(77 155 78)
3(70 148 71)
3(4 85 163)
3(160 161 82)
3(160 82 159)
3(159 81 158)
3(154 76 153)
3(153 75 152)
3(152 74 151)
3(151 73 150)
3(150 72 149)
3(147 69 146)
3(146 68 145)
3(145 67 6)
3(85 4 5)
3(84 163 85)
3(83 161 84)
3(83 82 161)
3(81 159 82)
3(80 158 81)
3(158 80 157)
3(78 156 79)
3(156 78 155)
3(77 76 155)
3(75 153 76)
3(74 152 75)
3(73 151 74)
3(72 150 73)
3(71 149 72)
3(149 71 148)
3(69 147 70)
3(68 146 69)
3(67 145 68)
3(6 67 7)
3(148 182 219)
3(365 376 378)
3(321 309 346)
3(234 94 198)
3(95 235 198)
3(121 120 204)
3(278 337 298)
3(370 323 367)
3(178 258 215)
3(154 216 155)
3(238 303 201)
3(262 270 322)
3(360 344 350)
3(190 226 136)
3(136 226 135)
3(206 116 168)
3(183 261 220)
3(104 0 124)
3(367 323 317)
3(224 129 130)
3(354 348 351)
3(153 152 217)
3(196 91 233)
3(178 252 258)
3(343 368 361)
3(282 237 201)
3(192 140 141)
3(238 202 301)
3(262 186 224)
3(197 233 92)
3(250 256 334)
3(262 224 270)
3(291 209 171)
3(361 373 345)
3(181 150 149)
3(223 127 128)
3(168 207 244)
3(223 128 186)
3(121 165 122)
3(211 107 106)
3(267 272 313)
3(234 198 279)
3(293 263 192)
3(321 303 309)
3(234 279 297)
3(170 111 209)
3(305 257 330)
3(316 264 268)
3(245 169 208)
3(343 258 335)
3(4 163 174)
3(250 176 214)
3(299 281 200)
3(206 168 285)
3(250 304 254)
3(172 107 211)
3(291 247 327)
3(328 353 345)
3(327 247 315)
3(271 325 253)
3(249 286 248)
3(338 364 355)
3(274 232 298)
3(343 335 368)
3(289 193 230)
3(374 358 369)
3(172 210 108)
3(158 157 177)
3(100 101 201)
3(236 281 300)
3(268 265 352)
3(317 349 358)
3(236 300 199)
3(267 189 226)
3(338 326 284)
3(304 327 315)
3(204 120 166)
3(284 245 338)
3(213 175 161)
3(109 108 210)
3(350 306 324)
3(346 309 276)
3(202 102 103)
3(339 242 340)
3(162 212 163)
3(171 210 247)
3(88 89 195)
3(317 297 279)
3(133 225 188)
3(132 133 188)
3(183 146 145)
3(134 225 133)
3(333 342 307)
3(378 371 375)
3(164 124 123)
3(310 350 344)
3(240 165 276)
3(282 303 321)
3(296 181 219)
3(327 353 328)
3(336 362 366)
3(284 244 207)
3(186 129 224)
3(344 366 329)
3(356 329 366)
3(200 98 99)
3(346 276 243)
3(203 122 165)
3(230 193 143)
3(212 174 163)
3(98 236 97)
3(146 220 147)
3(295 251 180)
3(260 296 219)
3(238 201 101)
3(175 162 161)
3(354 378 359)
3(249 212 175)
3(170 246 290)
3(245 208 290)
3(337 370 342)
3(234 297 197)
3(227 137 138)
3(187 224 130)
3(235 302 198)
3(213 160 176)
3(249 175 286)
3(222 287 261)
3(304 353 327)
3(311 345 364)
3(179 257 241)
3(251 330 257)
3(295 218 259)
3(166 120 119)
3(333 274 298)
3(197 297 275)
3(196 232 90)
3(316 270 264)
3(279 302 319)
3(367 358 374)
3(233 91 92)
3(268 264 221)
3(268 221 188)
3(359 369 349)
3(172 248 292)
3(202 103 239)
3(235 96 199)
3(194 289 230)
3(312 331 347)
3(240 309 301)
3(349 369 358)
3(256 214 177)
3(367 317 358)
3(317 279 319)
3(339 351 283)
3(280 320 319)
3(189 134 135)
3(200 99 237)
3(246 170 209)
3(260 324 306)
3(286 254 315)
3(292 247 210)
3(329 356 330)
3(213 254 286)
3(357 330 356)
3(372 341 363)
3(354 359 347)
3(110 209 111)
3(332 325 271)
3(376 377 371)
3(372 374 375)
3(313 336 352)
3(110 109 171)
3(261 294 220)
3(186 128 129)
3(332 363 325)
3(202 238 102)
3(159 214 176)
3(231 289 194)
3(159 176 160)
3(288 274 314)
3(333 307 314)
3(218 180 151)
3(148 219 149)
3(320 280 300)
3(361 353 334)
3(196 90 91)
3(269 325 308)
3(246 209 291)
3(226 189 135)
3(362 313 341)
3(194 87 231)
3(343 255 258)
3(315 247 292)
3(213 161 160)
3(321 331 282)
3(280 319 302)
3(299 312 281)
3(378 369 359)
3(271 191 228)
3(377 368 357)
3(325 269 253)
3(245 284 169)
3(322 324 262)
3(295 180 218)
3(344 329 310)
3(130 131 187)
3(272 190 269)
3(299 282 331)
3(218 181 259)
3(223 186 266)
3(363 308 325)
3(347 331 348)
3(251 329 330)
3(288 289 231)
3(93 197 92)
3(332 263 307)
3(301 303 238)
3(343 361 334)
3(104 124 164)
3(247 291 171)
3(164 239 104)
3(229 192 141)
3(301 309 303)
3(89 90 232)
3(139 191 138)
3(276 165 204)
3(217 152 180)
3(362 341 375)
3(179 154 153)
3(158 214 159)
3(293 307 263)
3(373 368 377)
3(185 127 223)
3(294 261 287)
3(354 339 365)
3(227 269 190)
3(293 314 307)
3(219 182 260)
3(316 268 352)
3(148 147 182)
3(185 126 127)
3(372 375 341)
3(372 367 374)
3(322 270 316)
3(360 316 352)
3(93 94 234)
3(233 197 275)
3(286 315 248)
3(326 340 285)
3(363 341 308)
3(343 334 255)
3(294 260 182)
3(313 308 341)
3(370 337 318)
3(107 172 108)
3(125 126 184)
3(184 6 125)
3(210 172 292)
3(304 315 254)
3(242 283 167)
3(173 174 212)
3(183 184 222)
3(217 180 251)
3(216 241 252)
3(223 287 185)
3(279 198 302)
3(178 216 252)
3(200 281 236)
3(183 222 261)
3(123 122 203)
3(95 96 235)
3(272 267 226)
3(333 314 274)
3(355 364 373)
3(361 368 373)
3(109 210 171)
3(227 190 137)
3(88 231 87)
3(217 251 257)
3(100 237 99)
3(252 335 258)
3(98 200 236)
3(200 237 299)
3(227 253 269)
3(351 346 243)
3(349 319 320)
3(287 222 185)
3(121 204 165)
3(240 276 309)
3(211 173 249)
3(332 342 372)
3(212 162 175)
3(328 246 291)
3(211 248 172)
3(313 352 265)
3(217 257 179)
3(196 278 298)
3(348 346 351)
3(252 241 305)
3(362 336 313)
3(378 375 369)
3(196 298 232)
3(278 196 233)
3(219 181 149)
3(326 244 284)
3(304 334 353)
3(156 215 157)
3(183 220 146)
3(288 273 289)
3(136 137 190)
3(277 202 239)
3(164 277 239)
3(153 217 179)
3(218 150 181)
3(183 145 184)
3(195 232 274)
3(326 355 340)
3(255 256 177)
3(283 351 243)
3(255 177 215)
3(119 118 205)
3(306 259 296)
3(206 117 116)
3(179 241 216)
3(266 324 294)
3(266 287 223)
3(208 113 112)
3(139 228 191)
3(145 6 184)
3(311 364 338)
3(313 272 308)
3(300 281 312)
3(277 203 240)
3(225 265 188)
3(310 259 306)
3(277 164 203)
3(327 328 291)
3(222 184 126)
3(373 377 376)
3(216 178 155)
3(315 292 248)
3(320 300 312)
3(267 265 225)
3(272 269 308)
3(360 350 322)
3(266 186 262)
3(288 195 274)
3(167 205 118)
3(264 187 221)
3(132 188 221)
3(372 342 367)
3(206 242 167)
3(338 355 326)
3(176 250 254)
3(368 335 357)
3(288 231 195)
3(243 204 166)
3(277 240 301)
3(119 205 166)
3(205 167 283)
3(334 304 250)
3(348 321 346)
3(142 229 141)
3(332 271 263)
3(273 229 193)
3(266 262 324)
3(288 314 273)
3(312 299 331)
3(360 352 336)
3(164 123 203)
3(222 126 185)
3(366 344 360)
3(339 283 242)
3(310 295 259)
3(295 310 251)
3(271 228 263)
3(360 322 316)
3(361 345 353)
3(173 211 106)
3(305 241 257)
3(211 249 248)
3(213 286 175)
3(267 313 265)
3(323 275 297)
3(317 323 297)
3(278 275 318)
3(332 307 342)
3(323 318 275)
3(345 373 364)
3(173 212 249)
3(338 245 311)
3(349 320 359)
3(204 243 276)
3(348 354 347)
3(238 101 102)
3(167 118 117)
3(329 251 310)
3(264 270 187)
3(268 188 265)
3(317 319 349)
3(374 369 375)
3(366 360 336)
3(282 299 237)
3(284 207 169)
3(371 366 362)
3(305 357 335)
3(305 330 357)
3(377 356 371)
3(366 371 356)
3(371 362 375)
3(311 290 246)
3(348 331 321)
3(208 170 290)
3(239 103 104)
3(208 112 170)
3(370 318 323)
3(312 347 320)
3(174 173 105)
3(322 350 324)
3(170 112 111)
3(194 86 87)
3(147 220 182)
3(235 280 302)
3(296 259 181)
3(189 225 134)
3(277 301 202)
3(189 267 225)
3(332 372 363)
3(167 117 206)
3(4 174 105)
3(220 294 182)
3(173 106 105)
3(228 192 263)
3(228 140 192)
3(228 139 140)
3(256 255 334)
3(100 201 237)
3(359 320 347)
3(235 199 280)
3(300 280 199)
3(272 226 190)
3(240 203 165)
3(236 199 97)
3(96 97 199)
3(191 271 253)
3(142 143 193)
3(354 365 378)
3(218 151 150)
3(365 355 376)
3(131 221 187)
3(340 242 285)
3(376 355 373)
3(156 155 178)
3(156 178 215)
3(224 187 270)
3(266 294 287)
3(273 293 229)
3(355 365 340)
3(282 201 303)
3(214 158 177)
3(157 215 177)
3(260 306 296)
3(273 314 293)
3(305 335 252)
3(216 154 179)
3(255 215 258)
3(131 132 221)
3(371 378 376)
3(227 138 191)
3(227 191 253)
3(193 229 142)
3(89 232 195)
3(195 231 88)
3(168 244 285)
3(310 306 350)
3(197 93 234)
3(260 294 324)
3(213 176 254)
3(289 273 193)
3(337 278 318)
3(198 94 95)
3(250 214 256)
3(370 367 342)
3(229 293 192)
3(333 337 342)
3(333 298 337)
3(233 275 278)
3(339 340 365)
3(205 283 243)
3(205 243 166)
3(326 285 244)
3(206 285 242)
3(152 151 180)
3(377 357 356)
3(354 351 339)
3(116 115 168)
3(115 114 207)
3(115 207 168)
3(114 113 169)
3(113 208 169)
3(143 144 230)
3(144 194 230)
3(144 2 86)
3(144 86 194)
3(169 207 114)
3(311 245 290)
3(246 328 311)
3(328 345 311)
3(209 110 171)
3(569 595 594)
3(422 384 495)
3(536 488 528)
3(36 394 37)
3(502 386 461)
3(451 491 414)
3(460 521 501)
3(525 507 522)
3(25 438 400)
3(525 473 507)
3(425 461 386)
3(76 77 450)
3(443 406 13)
3(486 419 457)
3(445 9 8)
3(508 511 534)
3(488 514 411)
3(434 396 32)
3(450 413 76)
3(428 44 43)
3(28 3 399)
3(428 43 391)
3(410 446 69)
3(398 475 435)
3(415 79 80)
3(449 489 412)
3(592 567 580)
3(440 19 18)
3(441 499 404)
3(503 535 532)
3(406 482 511)
3(469 470 392)
3(57 58 384)
3(486 556 529)
3(518 492 558)
3(58 423 384)
3(420 381 52)
3(417 83 84)
3(537 467 547)
3(497 428 468)
3(531 547 505)
3(557 516 491)
3(403 20 19)
3(585 557 541)
3(583 550 562)
3(51 52 381)
3(561 527 584)
3(469 527 561)
3(482 443 512)
3(9 445 408)
3(510 408 500)
3(566 561 565)
3(550 466 562)
3(591 582 590)
3(528 578 580)
3(592 581 567)
3(42 429 391)
3(409 68 446)
3(393 466 472)
3(403 436 20)
3(476 526 542)
3(41 429 42)
3(516 490 450)
3(437 475 398)
3(585 568 586)
3(393 431 466)
3(559 569 544)
3(401 505 467)
3(534 526 508)
3(410 484 485)
3(586 594 593)
3(491 451 517)
3(426 65 388)
3(574 530 579)
3(500 485 510)
3(508 476 405)
3(39 393 430)
3(525 570 523)
3(10 408 444)
3(478 440 509)
3(597 593 594)
3(524 536 580)
3(591 594 595)
3(432 471 394)
3(471 546 549)
3(504 525 523)
3(465 546 471)
3(570 590 582)
3(519 416 453)
3(420 494 498)
3(548 516 557)
3(416 492 452)
3(502 520 521)
3(591 572 582)
3(538 512 483)
3(15 14 442)
3(574 585 558)
3(593 592 578)
3(469 430 472)
3(482 534 511)
3(526 567 581)
3(391 43 42)
3(493 453 417)
3(520 502 461)
3(36 432 394)
3(382 420 53)
3(544 568 579)
3(580 567 552)
3(78 79 451)
3(482 512 524)
3(497 462 463)
3(409 500 445)
3(524 580 552)
3(8 7 67)
3(537 522 474)
3(497 535 462)
3(587 554 563)
3(509 499 540)
3(522 507 474)
3(477 479 402)
3(411 71 72)
3(524 552 482)
3(583 591 595)
3(502 460 424)
3(464 391 429)
3(574 533 556)
3(464 429 470)
3(393 38 431)
3(580 578 592)
3(417 84 454)
3(597 581 592)
3(484 545 485)
3(436 21 20)
3(537 474 506)
3(473 396 507)
3(388 65 66)
3(388 66 389)
3(34 395 35)
3(467 537 480)
3(529 519 493)
3(586 593 589)
3(497 390 428)
3(387 462 503)
3(428 391 468)
3(390 463 427)
3(398 435 29)
3(447 484 410)
3(447 71 411)
3(514 484 447)
3(472 466 550)
3(498 457 381)
3(421 54 55)
3(421 55 383)
3(449 413 513)
3(564 459 560)
3(555 535 468)
3(426 463 462)
3(546 523 582)
3(541 517 518)
3(493 487 455)
3(403 440 478)
3(398 28 399)
3(532 535 555)
3(573 588 595)
3(493 455 529)
3(470 561 566)
3(436 477 402)
3(415 451 79)
3(380 419 486)
3(482 406 443)
3(466 456 562)
3(469 472 527)
3(443 13 12)
3(443 12 407)
3(471 549 456)
3(442 508 405)
3(565 561 584)
3(543 539 589)
3(441 16 405)
3(465 471 432)
3(504 473 525)
3(471 456 394)
3(80 81 452)
3(465 432 395)
3(571 540 542)
3(591 597 594)
3(474 434 397)
3(392 429 41)
3(493 417 487)
3(533 492 519)
3(533 519 529)
3(536 484 514)
3(530 457 498)
3(436 481 477)
3(486 529 455)
3(453 493 519)
3(509 404 499)
3(593 578 589)
3(401 23 439)
3(531 576 547)
3(536 545 484)
3(520 575 521)
3(575 573 560)
3(547 576 522)
3(570 576 590)
3(554 479 477)
3(503 532 461)
3(552 567 534)
3(510 485 545)
3(415 80 452)
3(574 556 530)
3(15 442 405)
3(448 411 72)
3(81 82 416)
3(411 448 488)
3(542 581 571)
3(543 578 528)
3(414 77 78)
3(445 500 408)
3(558 585 541)
3(533 529 556)
3(554 477 563)
3(491 516 414)
3(444 510 483)
3(481 563 477)
3(409 446 500)
3(486 457 556)
3(531 479 554)
3(542 499 476)
3(560 459 501)
3(39 38 393)
3(542 526 581)
3(590 576 587)
3(45 44 390)
3(538 545 524)
3(13 406 14)
3(536 524 545)
3(510 444 408)
3(69 446 68)
3(464 566 555)
3(454 379 487)
3(581 597 571)
3(597 592 593)
3(438 25 24)
3(587 563 577)
3(553 577 563)
3(570 522 576)
3(547 522 537)
3(381 457 419)
3(439 23 22)
3(577 553 540)
3(546 582 572)
3(596 587 577)
3(1 46 389)
3(546 572 549)
3(440 404 509)
3(403 481 436)
3(596 590 587)
3(513 413 490)
3(69 70 410)
3(486 455 380)
3(452 81 416)
3(392 41 40)
3(53 54 382)
3(447 410 70)
3(480 537 506)
3(560 501 521)
3(59 385 423)
3(575 565 588)
3(533 574 558)
3(404 17 441)
3(557 586 548)
3(508 442 511)
3(504 395 433)
3(36 35 432)
3(568 544 569)
3(543 513 539)
3(550 584 527)
3(393 472 430)
3(575 560 521)
3(459 564 495)
3(405 16 15)
3(571 596 577)
3(74 75 449)
3(74 412 73)
3(524 512 538)
3(483 407 444)
3(456 549 562)
3(583 595 588)
3(571 577 540)
3(75 76 413)
3(5 47 85)
3(85 47 379)
3(480 437 400)
3(550 583 584)
3(583 562 572)
3(50 380 49)
3(57 384 422)
3(525 522 570)
3(35 395 432)
3(483 512 407)
3(443 407 512)
3(423 385 501)
3(398 399 437)
3(74 449 412)
3(591 596 597)
3(532 520 461)
3(30 29 435)
3(21 402 22)
3(547 467 505)
3(397 30 435)
3(31 30 397)
3(51 419 50)
3(420 498 381)
3(565 532 555)
3(585 574 579)
3(61 424 60)
3(568 594 586)
3(383 422 458)
3(424 61 386)
3(380 50 419)
3(392 40 430)
3(392 430 469)
3(62 386 61)
3(535 497 468)
3(434 31 397)
3(431 456 466)
3(464 555 468)
3(403 19 440)
3(418 49 380)
3(464 470 566)
3(472 550 527)
3(48 49 418)
3(487 418 455)
3(481 478 553)
3(504 433 473)
3(449 75 413)
3(386 502 424)
3(541 518 558)
3(569 564 573)
3(409 67 68)
3(406 511 442)
3(405 476 441)
3(433 395 34)
3(552 534 482)
3(487 379 418)
3(47 48 379)
3(416 82 453)
3(568 569 594)
3(379 48 418)
3(434 507 396)
3(590 596 591)
3(436 402 21)
3(458 495 559)
3(384 459 495)
3(385 60 424)
3(448 412 515)
3(448 515 488)
3(409 445 8)
3(438 401 467)
3(475 437 480)
3(17 16 441)
3(401 438 24)
3(506 397 435)
3(427 463 388)
3(474 397 506)
3(510 538 483)
3(513 489 449)
3(543 528 489)
3(564 559 495)
3(385 59 60)
3(506 435 475)
3(438 467 480)
3(458 422 495)
3(515 489 528)
3(488 515 528)
3(414 78 451)
3(9 408 10)
3(579 568 585)
3(494 382 421)
3(510 545 538)
3(505 439 479)
3(420 52 53)
3(515 412 489)
3(439 402 479)
3(402 439 22)
3(24 23 401)
3(588 565 584)
3(426 64 65)
3(428 390 44)
3(46 427 389)
3(40 39 430)
3(450 77 414)
3(453 82 83)
3(558 492 533)
3(557 491 541)
3(500 446 485)
3(531 554 576)
3(33 396 433)
3(509 540 478)
3(553 478 540)
3(442 14 406)
3(460 385 424)
3(460 501 385)
3(492 518 452)
3(46 45 427)
3(503 462 535)
3(453 83 417)
3(469 561 470)
3(388 389 427)
3(514 447 411)
3(548 490 516)
3(502 521 460)
3(434 474 507)
3(387 426 462)
3(546 465 523)
3(58 59 423)
3(504 465 395)
3(585 586 557)
3(536 528 580)
3(465 504 523)
3(530 556 457)
3(548 586 589)
3(464 468 391)
3(549 572 562)
3(508 526 476)
3(476 499 441)
3(481 553 563)
3(475 480 506)
3(499 542 540)
3(531 505 479)
3(520 565 575)
3(526 534 567)
3(444 407 11)
3(438 480 400)
3(575 588 573)
3(421 382 54)
3(597 596 571)
3(418 380 455)
3(566 565 555)
3(431 394 456)
3(431 38 37)
3(431 37 394)
3(587 576 554)
3(10 444 11)
3(389 66 1)
3(427 45 390)
3(425 63 387)
3(404 440 18)
3(415 517 451)
3(85 454 84)
3(72 73 448)
3(539 548 589)
3(415 518 517)
3(415 452 518)
3(387 63 64)
3(407 12 11)
3(33 32 396)
3(31 434 32)
3(588 584 583)
3(520 532 565)
3(494 420 382)
3(513 543 489)
3(426 388 463)
3(448 73 412)
3(398 29 28)
3(513 490 539)
3(409 8 67)
3(548 539 490)
3(497 463 390)
3(591 583 572)
3(569 559 564)
3(454 487 417)
3(85 379 454)
3(62 63 425)
3(62 425 386)
3(404 18 17)
3(433 34 33)
3(570 582 523)
3(459 423 501)
3(51 381 419)
3(503 461 425)
3(410 485 446)
3(414 516 450)
3(447 70 71)
3(541 491 517)
3(569 573 595)
3(450 490 413)
3(403 478 481)
3(433 396 473)
3(492 416 519)
3(505 401 439)
3(514 488 536)
3(543 589 578)
3(387 64 426)
3(425 387 503)
3(560 573 564)
3(544 579 551)
3(57 422 56)
3(400 26 25)
3(399 3 27)
3(399 27 26)
3(26 437 399)
3(26 400 437)
3(56 422 383)
3(496 421 383)
3(496 383 458)
3(496 458 559)
3(551 498 494)
3(551 530 498)
3(551 579 530)
3(494 544 551)
3(496 544 494)
3(496 559 544)
3(421 496 494)
3(55 56 383)
3(470 429 392)
3(423 459 384)
)


// ************************************************************************* //
