/*--------------------------------*- C++ -*----------------------------------*\
| =========                 |                                                 |
| \\      /  F ield         | OpenFOAM: The Open Source CFD Toolbox           |
|  \\    /   O peration     | Version:  2512                                  |
|   \\  /    A nd           | Website:  www.openfoam.com                      |
|    \\/     M anipulation  |                                                 |
\*---------------------------------------------------------------------------*/
FoamFile
{
    version     2.0;
    format      ascii;
    arch        "LSB;label=32;scalar=64";
    class       labelList;
    location    "constant/heatSource/polyMesh";
    object      faceRegionAddressing;
}
// * * * * * * * * * * * * * * * * * * * * * * * * * * * * * * * * * * * * * //


3724
(
133571
133572
133573
133575
133576
133577
133578
133579
133580
133581
133582
133583
133584
133585
133587
133588
133589
133591
133592
133593
133594
133595
133596
133597
133599
133600
133601
133603
133604
133605
133607
133608
133609
133610
133611
133612
133613
133615
133616
133617
133619
133620
133621
133623
133624
133625
133627
133628
133629
133630
133631
133632
133633
133635
133636
133637
133639
133640
133641
133643
133644
133645
133646
133647
133648
133649
133651
133652
133653
133654
133655
133656
133657
133659
133660
133661
133662
133663
133664
133666
133667
133668
133670
133671
133672
133674
133675
133676
133678
133679
133681
133682
133684
133685
133686
133688
133689
133690
133691
133692
133693
133694
133695
133696
133697
133698
133699
133700
133701
133702
133703
133704
133705
133706
133707
133708
133709
133710
133712
133713
133715
133716
133717
133718
133719
133720
133721
133722
133723
133724
133725
133727
133729
133730
133731
133733
133734
133735
133737
133738
133739
133740
133741
133742
133743
133744
133745
133746
133747
133749
133750
133751
133752
133753
133754
133755
133757
133758
133760
133761
133763
133764
133766
133767
133768
133769
133770
133771
133773
133774
133779
133780
133781
133783
133784
133785
133787
133788
133790
133791
133792
133794
133795
133796
133798
133799
133800
133802
133803
133804
133806
133807
133809
133810
133811
133813
133814
133815
133816
133817
133818
133819
133821
133822
133823
133825
133826
133827
133828
133829
133830
133831
133832
133833
133834
133835
133837
133838
133839
133840
133841
133843
133844
133845
133846
133847
133848
133849
133851
133852
133853
133854
133855
133856
133857
133858
133859
133860
133861
133862
133863
133864
133865
133866
133867
133869
133870
133871
133873
133874
133875
133877
133878
133880
133881
133882
133884
133885
133886
133887
133888
133889
133890
133892
133893
133894
133896
133897
133898
133899
133900
133901
133902
133904
133905
133906
133907
133908
133909
133910
133911
133912
133913
133914
133915
133916
133917
133918
133920
133921
133923
133924
133925
133926
133927
133928
133929
133931
133932
133933
133934
133935
133936
133937
133939
133940
133941
133943
133944
133945
133947
133948
133949
133951
133952
133953
133955
133956
133957
133959
133960
133962
133963
133964
133966
133967
133968
133970
133971
133972
133974
133975
133977
133978
133979
133981
133982
133983
133985
133986
133987
133988
133989
133990
133991
133992
133993
133994
133995
133997
133998
133999
134001
134002
134003
134004
134005
134006
134008
134009
134010
134012
134013
134014
134016
134017
134018
134020
134021
134022
134024
134025
134027
134028
134030
134031
134032
134033
134034
134036
134037
134038
134039
134040
134042
134043
134045
134046
134047
134048
134050
134051
134053
134054
134055
134056
134057
134058
134059
134060
134061
134063
134064
134065
134067
134068
134069
134070
134071
134072
134073
134074
134076
134077
134078
134080
134081
134082
134084
134085
134086
134091
134092
134093
134095
134096
134097
134101
134102
134103
134104
134105
134106
134107
134108
134109
134110
134112
134113
134114
134116
134118
134119
134121
134122
134123
134124
134125
134126
134127
134129
134130
134131
134132
134133
134134
134136
134137
134138
134139
134140
134141
134143
134144
134145
134146
134147
134148
134150
134151
134152
134154
134155
134156
134158
134159
134160
134161
134162
134163
134164
134166
134167
134169
134170
134171
134172
134173
134174
134175
134176
134177
134178
134179
134180
134181
134182
134184
134185
134187
134188
134189
134191
134192
134193
134195
134196
134198
134199
134201
134202
134203
134204
134205
134206
134207
134208
134209
134210
134211
134212
134213
134215
134216
134218
134219
134220
134221
134222
134223
134224
134226
134227
134228
134230
134231
134233
134234
134235
134236
134237
134238
134239
134240
134241
134242
134244
134245
134247
134248
134250
134252
134253
134254
134256
134257
134258
134260
134261
134262
134264
134266
134267
134268
134270
134271
134272
134273
134274
134275
134280
134282
134283
134284
134285
134287
134288
134290
134291
134292
134293
134294
134295
134296
134298
134299
134300
134302
134303
134304
134306
134307
134309
134310
134312
134313
134314
134316
134317
134318
134320
134321
134323
134324
134325
134327
134328
134329
134330
134331
134332
134333
134334
134335
134336
134337
134338
134339
134341
134342
134343
134344
134345
134346
134347
134349
134350
134351
134352
134353
134354
134355
134356
134357
134359
134360
134361
134362
134363
134365
134366
134367
134368
134369
134374
134375
134376
134381
134382
134384
134385
134386
134388
134394
134395
134396
134398
134399
134400
134402
134403
134404
134405
134406
134407
134408
134409
134410
134411
134412
134414
134415
134416
134417
134418
134419
134420
134422
134423
134424
134426
134427
134429
134430
134431
134433
134434
134435
134437
134438
134440
134441
134442
134444
134445
134446
134447
134448
134449
134450
134451
134452
134453
134455
134456
134458
134459
134461
134462
134463
134464
134465
134466
134468
134469
134470
134471
134472
134473
134475
134476
134477
134479
134480
134482
134483
134484
134485
134486
134487
134488
134489
134490
134491
134493
134494
134496
134497
134498
134500
134501
134502
134504
134505
134506
134507
134508
134510
134511
134512
134514
134515
134517
134519
134520
134521
134522
134524
134525
134526
134528
134529
134530
134531
134533
134534
134536
134538
134539
134541
134542
134544
134545
134546
134548
134549
134550
134551
134552
134553
134555
134556
134558
134559
134560
134561
134563
134564
134565
134566
134567
134569
134570
134572
134573
134574
134576
134578
134579
134580
134582
134583
134585
134587
134588
134590
134591
134592
134593
134595
134596
134597
134603
134604
134606
134607
134609
134610
134611
134613
134614
134615
134616
134617
134618
134619
134620
134621
134622
134624
134625
134626
134627
134628
134629
134631
134632
134634
134635
134636
134637
134638
134639
134641
134642
134643
134644
134645
134646
134648
134649
134651
134652
134654
134655
134656
134657
134658
134660
134661
134665
134666
134668
134669
134670
134672
134673
134674
134675
134677
134679
134680
134681
134683
134685
134686
134688
134689
134690
134691
134692
134694
134695
134696
134697
134698
134699
134700
134701
134702
134703
134704
134705
134706
134707
134708
134709
134710
134711
134712
134713
134714
134715
134717
134718
134720
134721
134723
134724
134726
134727
134728
134729
134730
134731
134732
134734
134735
134739
134740
134742
134743
134744
134746
134747
134748
134750
134751
134752
134753
134754
134755
134756
134757
134758
134759
134761
134762
134763
134765
134766
134767
134769
134770
134771
134772
134773
134774
134775
134777
134778
134779
134781
134783
134785
134786
134787
134789
134790
134791
134792
134794
134795
134796
134798
134799
134801
134802
134803
134805
134806
134808
134809
134811
134812
134813
134814
134815
134816
134818
134819
134820
134822
134824
134826
134827
134829
134830
134832
134834
134835
134837
134838
134839
134840
134841
134843
134844
134845
134846
134847
134848
134850
134851
134852
134853
134854
134855
134857
134858
134859
134860
134861
134866
134867
134868
134870
134871
134872
134873
134874
134875
134877
134878
134879
134881
134883
134884
134885
134886
134887
134888
134889
134890
134891
134892
134893
134894
134895
134896
134897
134898
134900
134901
134902
134903
134904
134906
134907
134909
134910
134912
134913
134914
134915
134916
134917
134918
134919
134921
134922
134923
134924
134925
134926
134927
134928
134929
134930
134931
134932
134934
134936
134937
134938
134939
134941
134942
134943
134945
134946
134948
134949
134950
134951
134953
134954
134956
134958
134959
134961
134962
134963
134965
134966
134967
134968
134969
134970
134971
134973
134974
134975
134976
134978
134979
134981
134982
134983
134985
134986
134988
134989
134990
134991
134993
134994
134995
134996
134997
134998
135000
135001
135002
135004
135005
135006
135007
135008
135009
135010
135011
135012
135013
135014
135015
135017
135018
135019
135021
135022
135023
135025
135026
135027
135029
135030
135031
135033
135034
135036
135037
135038
135040
135042
135043
135044
135046
135047
135048
135050
135051
135052
135054
135055
135057
135058
135059
135060
135061
135062
135063
135064
135065
135067
135068
135069
135071
135072
135073
135075
135077
135078
135080
135081
135082
135084
135085
135086
135087
135088
135090
135091
135093
135094
135095
135097
135098
135099
135101
135102
135103
135104
135105
135106
135108
135109
135111
135113
135114
135116
135117
135118
135120
135121
135122
135124
135125
135126
135128
135129
135130
135131
135133
135134
135135
135136
135138
135139
135140
135142
135143
135144
135145
135149
135150
135151
135153
135154
135156
135157
135159
135160
135161
135162
135163
135164
135165
135167
135169
135170
135171
135172
135174
135175
135181
135182
135183
135185
135186
135187
135189
135190
135191
135192
135194
135196
135197
135199
135200
135202
135203
135204
135206
135207
135208
135209
135210
135211
135212
135213
135215
135216
135218
135219
135220
135221
135223
135224
135225
135226
135227
135228
135229
135230
135231
135235
135236
135238
135239
135241
135243
135244
135245
135247
135248
135249
135250
135251
135252
135253
135254
135255
135256
135258
135259
135260
135261
135262
135263
135264
135265
135266
135268
135269
135270
135271
135273
135274
135276
135277
135279
135281
135283
135284
135286
135287
135288
135289
135290
135291
135292
135294
135295
135296
135297
135298
135299
135300
135301
135302
135303
135305
135306
135308
135310
135311
135312
135313
135314
135316
135317
135318
135319
135321
135322
135323
135325
135326
135327
135328
135329
135331
135332
135334
135335
135336
135337
135338
135340
135341
135342
135343
135344
135346
135347
135349
135350
135351
135352
135353
135354
135355
135356
135357
135358
135360
135361
135362
135363
135365
135366
135367
135369
135371
135374
135375
135376
135378
135380
135385
135386
135387
135393
135394
135395
135396
135398
135399
135401
135403
135405
135406
135407
135408
135413
135414
135415
135416
135417
135418
135420
135421
135423
135426
135427
135428
135429
135430
135431
135433
135434
135435
135437
135439
135440
135441
135443
135444
135446
135447
135448
135449
135451
135452
135453
135455
135456
135458
135459
135460
135461
135463
135464
135465
135466
135468
135469
135471
135472
135473
135475
135476
135478
135479
135481
135482
135484
135486
135487
135488
135490
135491
135492
135493
135495
135496
135498
135499
135500
135501
135503
135505
135506
135508
135509
135511
135512
135514
135515
135517
135519
135520
135522
135523
135525
135526
135528
135529
135530
135532
135533
135535
135537
135538
135540
135542
135543
135544
135546
135547
135548
135549
135550
135551
135553
135554
135555
135556
135557
135558
135559
135562
135563
135564
135565
135566
135567
135568
135570
135572
135573
135574
135576
135577
135578
135580
135581
135582
135583
135585
135586
135588
135590
135591
135593
135594
135596
135597
135598
135600
135601
135602
135604
135605
135606
135607
135609
135610
135611
135612
135614
135615
135616
135618
135621
135623
135624
135625
135628
135629
135631
135632
135633
135635
135637
135638
135639
135641
135642
135644
135646
135648
135653
135654
135655
135656
135657
135658
135659
135660
135661
135662
135663
135664
135666
135667
135669
135670
135672
135673
135674
135675
135676
135677
135679
135680
135682
135683
135684
135686
135687
135689
135690
135691
135692
135693
135694
135695
135698
135699
135700
135701
135702
135703
135704
135705
135707
135709
135710
135712
135713
135714
135715
135716
135717
135718
135721
135722
135723
135724
135726
135728
135729
135731
135732
135734
135735
135736
135737
135739
135740
135741
135742
135743
135745
135747
135748
135749
135751
135752
135753
135755
135757
135758
135759
135760
135761
135763
135765
135766
135767
135768
135769
135771
135779
135780
135781
135782
135784
135785
135787
135790
135791
135793
135794
135795
135797
135799
135800
135801
135803
135805
135806
135809
135810
135811
135812
135813
135814
135816
135817
135819
135820
135821
135822
135827
135828
135829
135830
135834
135835
135838
135839
135840
135841
135842
135845
135847
135848
135850
135851
135853
135856
135858
135859
135861
135862
135863
135868
135871
135872
135873
135874
135875
135877
135879
135880
135881
135883
135885
135886
135887
135888
135889
135890
135892
135893
135895
135896
135898
135899
135900
135901
135902
135903
135904
135905
135906
135907
135908
135913
135914
135916
135917
135919
135920
135922
135923
135924
135925
135927
135928
135930
135931
135933
135934
135935
135937
135938
135940
135941
135942
135943
135945
135947
135948
135950
135952
135953
135954
135956
135958
135959
135960
135961
135962
135963
135964
135965
135966
135967
135968
135973
135975
135976
135977
135979
135980
135982
135983
135985
135986
135988
135989
135990
135991
135992
135993
135994
135995
135996
135998
135999
136000
136001
136004
136005
136007
136010
136011
136012
136013
136014
136016
136018
136019
136021
136022
136023
136025
136026
136028
136029
136030
136031
136036
136038
136040
136041
136046
136047
136048
136050
136051
136053
136054
136056
136057
136059
136061
136062
136063
136064
136065
136066
136067
136070
136071
136073
136075
136077
136078
136080
136081
136083
136084
136085
136086
136087
136088
136090
136091
136092
136093
136095
136096
136098
136099
136101
136103
136104
136105
136106
136107
136108
136109
136111
136112
136113
136114
136116
136118
136120
136121
136123
136124
136127
136128
136130
136131
136132
136134
136135
136136
136139
136141
136143
136145
136146
136147
136148
136149
136150
136151
136153
136155
136157
136159
136160
136161
136162
136164
136166
136167
136168
136170
136171
136173
136176
136177
136178
136180
136182
136183
136184
136185
136186
136187
136189
136190
136192
136194
136195
136197
136198
136199
136207
136208
136209
136211
136212
136214
136215
136216
136217
136218
136219
136221
136222
136225
136228
136229
136231
136233
136235
136237
136238
136239
136240
136242
136243
136245
136247
136248
136250
136252
136253
136254
136257
136258
136260
136261
136263
136265
136266
136269
136271
136272
136274
136276
136277
136280
136281
136285
136289
136290
136292
136293
136294
136295
136296
136297
136298
136299
136301
136303
136304
136305
136306
136308
136309
136310
136312
136313
136315
136317
136318
136319
136321
136323
136324
136325
136327
136328
136330
136333
136335
136336
136337
136339
136340
136342
136344
136345
136347
136348
136349
136356
136357
136358
136360
136361
136363
136366
136368
136369
136370
136371
136372
136373
136378
136379
136381
136382
136384
136385
136386
136388
136389
136390
136392
136393
136394
136396
136397
136399
136400
136401
136404
136406
136407
136409
136412
136414
136416
136417
136419
136421
136423
136425
136429
136431
136432
136435
136437
136442
136444
136445
136446
136449
136451
136453
136454
136455
136456
136458
136459
136461
136462
136463
136464
136465
136470
136471
136472
136473
136474
136475
136476
136477
136478
136481
136482
136483
136484
136486
136488
136490
136491
136492
136493
136494
136497
136498
136499
136500
136502
136503
136504
136507
136510
136511
136513
136514
136516
136518
136519
136521
136523
136524
136525
136528
136529
136532
136534
136536
136537
136539
136540
136541
136542
136543
136545
136546
136547
136552
136553
136557
136559
136561
136563
136564
136566
136568
136569
136573
136574
136576
136578
136579
136580
136581
136583
136584
136585
136588
136590
136592
136593
136594
136595
136596
136598
136599
136600
136602
136603
136604
136605
136606
136607
136609
136611
136613
136615
136616
136618
136619
136620
136622
136623
136625
136628
136630
136635
136636
136640
136642
136644
136646
136647
136648
136651
136652
136654
136655
136656
136657
136660
136661
136662
136664
136665
136666
136667
136668
136670
136671
136672
136673
136676
136683
136686
136687
136691
136692
136697
136698
136700
136702
136703
136705
136706
136707
136709
136714
136715
136720
136721
136726
136727
136736
136738
136739
136741
136742
136743
136745
136747
136749
136750
136752
136753
136754
136758
136759
136760
136762
136764
136772
136775
136778
136782
136784
136787
136790
136791
136794
136797
136803
136804
136806
136809
136811
136812
136814
136816
136817
136818
136819
136821
136822
136823
136824
136825
136827
136830
136832
136834
136835
136837
136839
136841
136844
136845
136847
136848
136850
136851
136852
136854
136855
136859
136861
136862
136868
136873
136874
136878
136879
136882
136883
136885
136887
136890
136891
136893
136894
136896
136897
136902
136904
136907
136908
136910
136911
136914
136915
136917
136921
136922
136923
136930
136933
136935
136939
136941
136944
136945
136946
136947
136949
136950
136951
136953
136954
136956
136958
136960
136962
136965
136966
136969
136973
136974
136976
136979
136981
136983
136991
136993
136995
137000
137002
137009
137010
137014
137016
137018
137021
137022
137025
137026
137030
137032
137033
137035
137037
137039
137041
137044
137045
137047
137051
137052
137054
137057
137066
137068
137069
137070
137080
137086
137093
137094
137100
137101
137103
137104
137106
137107
137108
137110
137114
137123
137124
137125
137126
137127
137129
137137
137138
137140
137141
137145
137146
137151
137159
137163
137172
137178
137179
137181
137190
137194
137199
137200
137204
137210
137224
137226
137227
137247
137248
137250
137252
137253
137255
137265
137266
137268
137269
137271
137272
137273
137275
137277
137281
137282
137283
137287
137288
137290
137291
137292
137294
137305
137306
137307
137308
137310
137311
137314
137316
137318
137319
137321
137323
137325
137326
137327
137331
137332
137334
137335
137336
137337
137339
137340
137342
137343
137344
137345
137347
137350
137351
137352
137354
137356
149164
149165
152704
152705
153216
153362
157554
160538
160539
160540
160541
160542
-22425
-22438
-22451
-22464
-22476
-22487
-22500
-22512
-22523
-22536
-22549
-22562
-22575
-22588
-22601
-22614
-22627
-22640
-22652
-22662
-22672
-22680
-22684
-22688
-22692
-22696
-22700
-22704
-22708
-22712
-22716
-22720
-22724
-22728
-22732
-22736
-22740
-22745
-22752
-22759
-22766
-22774
-22785
-22798
-22811
-22824
-22837
-22850
-22863
-22876
-22889
-22902
-22915
-22928
-22941
-22954
-22967
-22980
-22993
-23006
-23019
-23029
-23033
-23037
-23041
-23045
-23049
-23053
-23057
-23061
-23065
-23069
-23073
-23077
-23081
-23085
-23089
-23093
-23097
-23102
-23109
-23116
-23125
-23136
-23145
-23157
-23168
-23181
-23192
-23200
-23209
-23217
-23228
-23241
-23254
-23267
-23280
-23293
-23306
-23319
-23332
-23345
-23358
-23369
-23375
-23379
-23384
-23391
-23397
-23401
-23405
-23410
-23417
-23424
-23431
-23437
-23441
-23445
-23449
-23455
-23463
-23467
-23471
-23475
-23482
-23494
-23505
-23518
-23530
-23540
-23550
-23559
-23568
-23581
-23593
-23604
-23616
-23627
-23640
-23653
-23666
-23679
-23692
-23705
-23715
-23719
-23724
-23730
-23734
-23739
-23746
-23753
-23760
-23766
-23770
-23774
-23778
-23782
-23787
-23794
-23800
-23804
-23808
-23812
133574
133586
133590
133602
133614
133618
133642
133650
133658
133683
133726
133782
133793
133801
133808
133836
133842
133850
133876
133883
133919
133938
133946
133976
133980
133984
134000
134007
134023
134026
134035
134041
134044
134062
134087
134115
134117
134120
134128
134149
134183
134186
134194
134197
134200
134217
134225
134229
134232
134243
134249
134259
134263
134281
134286
134297
134311
134319
134322
134389
134425
134428
134432
134439
134443
134454
134467
134474
134499
134513
134523
134527
134535
134543
134547
134554
134557
134562
134568
134577
134581
134586
134623
134630
134640
134650
134653
134659
134667
134671
134676
134678
134687
134716
134722
134725
134736
134741
134760
134764
134797
134800
134821
134823
134825
134836
134849
134869
134882
134908
134920
134935
134944
134955
134957
134960
134964
134972
134980
134992
134999
135028
135041
135066
135079
135083
135096
135107
135123
135127
135137
135141
135152
135176
135177
135184
135188
135193
135198
135217
135240
135242
135246
135257
135267
135275
135278
135280
135285
135293
135304
135307
135309
135320
135324
135330
135339
135348
135359
135364
135368
135370
135397
135400
135402
135422
135424
135432
135436
135438
135442
135454
135457
135462
135470
135485
135489
135494
135497
135510
135513
135518
135527
135536
135541
135552
135571
135579
135584
135595
135599
135613
135617
135622
135627
135634
135636
135640
135647
135665
135668
135681
135685
135688
135696
135697
135711
135719
135730
135744
135750
135762
135772
135783
135786
135788
135792
135796
135802
135804
135808
135818
135837
135844
135846
135849
135876
135882
135884
135891
135897
135915
135918
135926
135929
135932
135936
135944
135949
135951
135957
135984
136009
136015
136017
136020
136027
136032
136037
136058
136068
136069
136094
136100
136117
136126
136129
136137
136144
136156
136158
136163
136172
136175
136191
136200
136201
136210
136223
136224
136232
136236
136246
136249
136255
136256
136264
136270
136282
136291
136300
136302
136307
136320
136334
136338
136341
136359
136362
136365
136374
136380
136383
136391
136402
136403
136424
136427
136430
136433
136434
136436
136438
136443
136447
136466
136480
136489
136495
136505
136508
136512
136515
136531
136533
136538
136554
136556
136558
136562
136577
136582
136586
136589
136591
136597
136601
136608
136624
136627
136631
136637
136645
136658
136659
136663
136678
136685
136699
136708
136710
136716
136722
136737
136740
136744
136746
136755
136757
136763
136771
136774
136776
136777
136779
136780
136781
136785
136786
136789
136792
136796
136805
136807
136808
136810
136813
136815
136829
136831
136838
136840
136842
136843
136853
136860
136863
136864
136869
136871
136872
136875
136881
136886
136888
136889
136892
136895
136898
136899
136901
136905
136906
136912
136913
136916
136918
136919
136920
136928
136931
136932
136934
136938
136943
136948
136955
136957
136959
136961
136963
136967
136968
136970
136972
136975
136977
136978
136984
136990
136992
136994
136996
136997
136999
137013
137020
137024
137027
137028
137029
137040
137049
137050
137055
137058
137059
137064
137065
137071
137073
137075
137076
137081
137087
137090
137095
137096
137102
137109
137111
137115
137117
137118
137119
137133
137134
137139
137147
137152
137153
137157
137158
137162
137165
137167
137174
137175
137177
137183
137184
137185
137187
137188
137189
137201
137202
137203
137205
137206
137207
137208
137211
137212
137213
137214
137215
137216
137223
137225
137235
137238
137239
137240
137241
137242
137251
137254
137256
137270
137274
137289
137293
137295
137296
137317
137333
137341
137348
-140649
133598
133606
133622
133626
133634
133638
133665
133669
133673
133677
133680
133687
133711
133714
133728
133732
133736
133748
133756
133759
133762
133765
133772
133786
133789
133797
133805
133812
133820
133824
133868
133872
133879
133891
133895
133903
133922
133930
133942
133950
133954
133958
133961
133965
133969
133973
133996
134011
134015
134019
134029
134049
134052
134066
134075
134079
134083
134094
134098
134111
134135
134142
134153
134157
134165
134168
134190
134214
134246
134251
134255
134265
134269
134276
134289
134301
134305
134308
134315
134326
134340
134348
134358
134364
134370
134383
134387
134397
134401
134413
134421
134436
134457
134460
134478
134481
134492
134495
134503
134509
134516
134518
134532
134537
134540
134571
134575
134584
134589
134594
134598
134605
134608
134612
134633
134647
134662
134682
134684
134693
134719
134733
134745
134749
134768
134776
134780
134782
134784
134788
134793
134804
134807
134810
134817
134828
134831
134833
134842
134856
134862
134876
134880
134899
134905
134911
134933
134940
134947
134952
134977
134984
134987
135003
135016
135020
135024
135032
135035
135039
135045
135049
135053
135056
135070
135074
135076
135089
135092
135100
135110
135112
135115
135119
135132
135146
135155
135158
135166
135168
135173
135195
135201
135205
135214
135222
135237
135272
135282
135315
135333
135345
135372
135373
135377
135379
135392
135404
135409
135419
135425
135445
135450
135467
135474
135477
135480
135483
135502
135504
135507
135516
135521
135524
135531
135534
135539
135545
135569
135575
135587
135589
135592
135603
135608
135619
135620
135626
135630
135643
135645
135649
135671
135678
135706
135708
135720
135725
135727
135733
135738
135746
135754
135756
135764
135770
135798
135807
135815
135836
135843
135852
135854
135855
135857
135860
135869
135870
135878
135894
135909
135921
135939
135946
135955
135969
135974
135978
135981
135987
135997
136006
136008
136024
136039
136042
136049
136052
136055
136060
136072
136074
136076
136079
136082
136089
136097
136102
136110
136115
136119
136122
136125
136133
136138
136140
136142
136152
136154
136165
136169
136174
136179
136181
136188
136193
136196
136206
136213
136220
136226
136227
136230
136234
136241
136244
136251
136259
136262
136267
136268
136273
136275
136278
136279
136311
136314
136316
136326
136329
136331
136332
136343
136346
136350
136364
136367
136387
136395
136398
136405
136408
136410
136411
136413
136415
136418
136420
136422
136426
136428
136448
136450
136452
136457
136460
136479
136485
136487
136496
136501
136506
136509
136517
136520
136522
136526
136527
136530
136535
136544
136555
136560
136565
136567
136570
136571
136572
136587
136610
136612
136614
136617
136621
136626
136629
136638
136639
136641
136643
136653
136669
136677
136684
136689
136690
136701
136704
136728
136748
136751
136761
136765
136766
136773
136783
136788
136793
136795
136798
136820
136826
136828
136833
136836
136846
136849
136856
136870
136880
136884
136900
136903
136909
136924
136925
136926
136927
136929
136936
136937
136940
136942
136952
136964
136971
136980
136982
136985
136986
136998
137001
137003
137011
137012
137015
137017
137019
137023
137031
137034
137036
137038
137042
137043
137046
137048
137053
137056
137063
137067
137072
137074
137077
137105
137112
137113
137116
137120
137121
137122
137128
137130
137131
137132
137135
137136
137142
137143
137144
137150
137160
137161
137164
137166
137168
137173
137176
137182
137186
137198
137209
137217
137222
137228
137229
137230
137249
137267
137276
137297
137309
137312
137313
137315
137320
137322
137324
137338
137346
137349
137353
137355
137357
137375
137388
153893
-156734
)


// ************************************************************************* //
