/*--------------------------------*- C++ -*----------------------------------*\
| =========                 |                                                 |
| \\      /  F ield         | OpenFOAM: The Open Source CFD Toolbox           |
|  \\    /   O peration     | Version:  2512                                  |
|   \\  /    A nd           | Website:  www.openfoam.com                      |
|    \\/     M anipulation  |                                                 |
\*---------------------------------------------------------------------------*/
FoamFile
{
    version     2.0;
    format      ascii;
    arch        "LSB;label=32;scalar=64";
    note        "nPoints:601  nCells:1564  nFaces:3724  nInternalFaces:2532";
    class       labelList;
    location    "constant/heatSource/polyMesh";
    object      neighbour;
}
// * * * * * * * * * * * * * * * * * * * * * * * * * * * * * * * * * * * * * //


2532
(
396
398
603
24
859
1161
1178
850
1249
1364
1366
10
1386
1501
52
280
1184
9
346
1012
1065
10
991
1501
766
801
806
9
835
1065
146
856
213
1451
725
1373
1475
270
374
961
1485
1487
1488
766
806
1321
122
194
452
762
28
163
972
71
1069
1362
996
1237
1482
37
446
544
637
837
844
1302
184
348
771
829
71
108
1448
563
1103
1364
1366
559
1199
305
857
1237
683
1031
1513
619
860
1237
552
1419
342
1445
54
342
1124
41
845
1026
1133
280
364
582
876
151
259
772
1264
221
312
581
1382
199
414
839
857
669
1120
1402
246
636
445
1027
1336
1433
427
448
512
1231
351
705
1432
1334
182
254
258
392
601
1318
441
879
1317
1321
339
510
646
1371
480
894
1357
310
578
711
1481
54
840
1343
51
362
494
1370
402
925
168
432
939
77
1190
1436
1079
1445
126
135
1072
216
253
1059
445
675
323
668
1205
318
739
1094
62
885
1262
279
1205
1275
63
627
64
943
1355
238
264
1063
1490
205
314
790
432
434
922
93
784
1254
1278
322
357
709
1182
75
88
1078
188
1401
632
1029
1137
453
483
643
937
577
709
1500
192
1407
1558
303
307
790
1034
391
680
1029
82
146
856
1508
211
450
1198
131
752
1180
523
615
844
89
1507
456
1120
1402
326
797
986
1223
143
1092
1415
123
1163
1353
302
584
625
694
89
1213
1505
1558
1014
1156
1160
1257
174
275
411
1312
200
545
1127
1245
171
1503
571
1141
1562
188
1073
1446
1448
1179
1337
121
358
702
862
743
833
1047
361
519
770
449
497
613
379
518
819
190
919
1276
612
734
1130
943
957
718
721
1121
129
495
850
571
575
1429
612
1362
708
721
901
347
927
1430
221
546
631
657
463
741
1228
1395
115
468
488
261
532
723
810
1303
1366
518
819
1328
488
1183
1443
135
444
450
617
1070
1334
126
759
982
803
978
679
958
124
1129
1477
1181
1361
184
1315
1344
1436
444
134
247
1563
471
1283
1310
397
1045
1313
1370
1394
926
1024
1556
907
942
1243
248
954
1007
407
623
895
283
797
242
300
604
256
344
1275
257
672
884
417
905
1006
635
981
1095
160
437
1301
292
419
645
1396
203
636
637
349
737
779
147
760
886
1463
696
1010
327
740
1435
1492
1255
1494
1495
297
516
1173
1174
670
1268
522
1061
1163
1346
884
944
344
602
687
1000
946
1227
826
1197
1440
216
1032
1368
984
1113
1265
1267
630
901
1226
170
1314
620
817
976
1361
165
169
215
482
264
1172
1496
1101
1148
1385
806
879
179
808
1064
714
919
1352
328
507
301
426
339
1316
1371
570
998
1278
178
659
910
1531
324
714
1476
540
566
250
340
354
1208
990
1157
1195
258
388
498
1147
1522
230
906
1410
454
606
948
1143
233
734
1121
388
1279
465
1177
390
365
517
909
1128
1464
1477
752
926
928
1336
385
924
1378
561
703
755
549
678
753
1409
1559
325
788
807
761
1134
373
847
1384
1526
271
843
946
491
499
984
646
715
1154
214
837
600
712
677
776
1070
678
1225
1539
269
600
673
692
885
551
1145
1330
744
875
1293
1307
241
843
852
517
1282
1363
568
909
991
1138
286
316
1230
983
1259
1417
266
551
735
1330
218
614
219
839
1302
265
426
588
701
526
605
733
320
492
1001
475
1241
435
473
526
586
834
954
1424
1082
1465
1483
285
865
1026
1133
475
962
1238
1242
406
1372
1536
262
274
548
1231
539
734
795
431
757
1291
1100
1167
477
904
1204
1108
1464
1480
721
1169
367
373
511
237
239
521
1406
299
890
1040
1462
248
1272
1066
1199
248
1219
723
1030
1037
1185
277
855
340
354
664
311
675
1433
759
827
1193
877
1224
298
712
716
407
712
716
490
620
932
1232
319
690
400
672
925
363
454
811
383
633
921
986
1198
263
363
888
538
648
925
481
793
670
1267
521
1219
1261
1037
1102
315
512
715
1154
1118
360
806
692
900
272
1058
1167
272
659
1009
1532
1092
1244
520
552
852
945
979
1248
720
903
1075
315
640
769
1139
934
942
1504
1426
316
542
1488
583
668
922
282
661
445
1027
326
1072
1122
1123
1405
871
960
668
863
470
993
1397
660
667
827
1188
395
399
535
771
509
1056
293
350
477
902
529
1111
309
711
306
981
1050
382
460
969
641
980
1234
1274
918
1122
544
908
380
1461
664
1250
1258
526
605
695
1331
1035
1113
820
1035
1162
309
1481
1482
1095
1324
551
1148
1385
313
596
920
591
1346
1431
440
514
477
1202
1482
1113
1145
1265
401
1179
676
1311
466
498
793
1159
743
873
1499
355
556
1292
1363
1451
393
905
423
1206
664
1250
723
1030
1479
525
531
1168
863
963
1347
651
713
614
783
1406
787
1016
1117
403
433
563
836
988
1227
1351
392
399
1318
549
678
1127
347
672
1251
425
1061
1073
1345
624
786
1244
347
927
1553
1320
1205
460
1337
1413
1140
344
687
689
345
689
1273
815
1281
1365
487
564
378
1453
1042
1437
379
400
1251
860
997
1460
456
579
982
355
560
385
423
423
1325
985
940
944
801
805
1469
370
1217
1256
1408
916
1107
1118
1253
368
1290
1502
438
501
1166
847
1032
1473
537
556
924
1214
1494
594
780
1189
750
819
1105
1203
1347
1492
1529
1327
1416
1030
1062
1187
1421
608
1140
1400
408
1088
1295
1372
428
779
402
891
936
751
1404
1405
462
465
880
1383
496
728
936
1461
893
1206
929
933
511
869
1518
1529
772
1264
1062
1187
1294
1473
396
398
1190
1080
1319
589
610
665
828
867
398
1194
774
775
437
948
771
1434
402
1337
1413
1256
647
1386
412
1088
1297
1304
448
971
1246
540
623
895
545
411
1297
410
767
1304
1147
1522
540
1372
1147
1543
867
923
1044
1375
897
1478
416
685
964
463
741
1343
597
601
1048
440
514
1008
1457
650
1493
507
524
938
1123
1214
1378
426
486
1469
615
844
1211
976
1446
473
431
438
1456
885
1262
1458
869
1370
1394
448
953
507
655
1298
516
963
1174
1211
1235
1236
649
1402
1417
530
606
757
745
1180
1192
546
1316
1373
640
1082
1483
640
989
1126
447
866
504
872
450
1402
1417
618
1144
1460
469
553
700
1486
889
959
832
1045
1443
457
1120
457
866
1350
549
1022
1244
934
1064
1547
1339
482
605
724
684
861
1412
994
700
990
1369
1339
1412
474
491
662
663
1398
471
1103
990
1342
849
1098
698
1254
820
1034
1035
486
595
1162
1449
619
520
1414
486
1212
1235
480
728
1002
618
997
1198
1259
825
724
825
557
591
486
862
1212
590
829
1470
513
1303
607
838
1274
523
954
500
1162
875
1363
546
737
949
1457
1517
1519
851
951
1249
904
1204
802
978
500
500
1264
1267
548
554
1231
562
695
731
816
783
848
1249
506
853
913
542
564
676
1470
872
979
727
765
944
1555
710
1054
896
1380
1368
1411
698
1200
1097
1382
996
997
1002
1202
727
568
1290
705
918
596
711
902
1416
1419
848
1431
1480
1219
705
727
918
1128
1129
1236
605
724
1270
693
1066
1209
572
1489
1493
643
1045
807
1166
558
1358
1476
1136
1355
535
542
1434
1485
564
930
944
1554
555
1247
1502
1201
1275
1280
792
1169
1288
599
663
1021
1094
804
858
1166
853
622
754
757
1415
1483
592
880
890
921
1172
1466
555
560
1166
1471
1442
560
749
758
1102
1452
781
859
1209
1486
920
1454
699
1332
777
639
1186
1222
1276
1139
1552
584
586
638
1451
736
794
1005
693
1066
1018
1563
813
846
607
980
1268
575
1018
911
761
1137
1344
732
1500
706
920
696
1349
616
706
834
586
639
922
1435
1221
1280
1331
819
1256
1408
625
593
1108
1464
633
1368
603
1444
761
1085
675
1244
1245
609
1082
902
1437
821
1224
768
905
1340
609
758
1390
1499
636
1245
1023
607
648
610
1252
1486
1301
1000
1069
1191
989
1006
1194
753
1022
1232
626
931
966
1004
1460
647
1001
730
1236
654
968
1164
958
960
1356
1238
1474
718
658
955
1146
974
1127
1540
974
807
1092
631
1362
1440
692
1355
742
1000
1011
679
1083
1116
653
756
909
1266
635
889
1134
1383
817
1086
1121
871
1142
639
1135
1186
670
1265
681
713
1296
1314
752
1107
1183
781
1422
1380
783
1268
669
671
1158
812
818
1060
682
938
1430
1051
1222
1382
800
1502
738
1341
763
1386
1447
1054
1056
1105
658
949
956
1266
1281
1072
1311
1069
1400
1401
686
1025
1068
665
1067
1094
790
1324
1330
1420
676
1472
1149
980
877
1365
900
1151
1376
1354
1376
1458
679
878
958
1542
1095
745
1192
713
947
691
1185
971
973
994
1044
1047
1023
1319
1307
1010
1084
1150
690
1284
1282
1037
735
813
1503
707
955
707
830
1286
707
726
955
1283
731
738
794
1252
704
1176
1467
1186
1454
1059
1170
1269
897
816
718
1232
717
1171
1299
1115
887
1479
1119
1379
1429
719
1305
817
732
1110
1299
912
1175
1414
1226
1106
1452
832
896
1320
1153
1260
894
746
1106
733
1219
822
1261
931
1329
738
796
1007
1132
743
867
1044
961
1466
1450
744
822
1307
794
947
1277
882
1456
778
1445
773
1190
1108
1431
1038
1328
1405
1039
1041
1125
916
899
1225
872
1309
768
919
907
1138
804
1108
864
1150
776
878
762
1418
846
1489
914
1132
1458
915
940
1475
1087
1306
770
1427
887
1438
798
774
775
1444
1315
886
992
784
1103
1254
840
965
914
957
1269
1437
1111
1053
1071
1215
836
1298
992
1334
788
932
1178
1199
1490
1129
1181
808
906
1131
1243
1090
1352
1358
1476
800
1247
1074
1196
1288
1441
954
1164
1198
1201
1279
962
1003
1218
1169
1226
985
1423
1003
1212
1415
1467
858
934
990
1369
1395
850
948
1154
1301
1015
1396
1111
841
1308
1335
1009
1017
1065
831
1015
1049
821
1011
833
873
970
1391
879
1317
874
999
1450
1072
1046
1067
1220
1344
864
1010
1011
1260
1271
965
1164
1478
1013
1463
1497
1364
1424
1478
1011
1260
1474
964
842
1177
1287
1412
1424
993
1298
1503
1294
851
1406
993
1263
913
855
977
1060
1428
1493
892
913
1509
897
1092
1165
996
1004
973
1287
1467
1149
1311
982
871
1210
982
870
1071
1425
1368
1161
1165
1333
889
1142
970
883
1079
1005
1118
1387
1158
1393
1116
883
1191
1362
1008
1099
1124
1440
930
1376
1323
919
928
935
891
908
1426
924
1359
1562
1481
939
1310
1367
1077
1232
1148
907
1077
1014
1042
1057
1399
911
1429
1012
1527
1426
917
972
1036
928
935
928
1414
1419
1240
1462
963
994
1369
1104
941
1555
947
1277
1119
1379
1365
1441
1022
1181
935
940
1243
1119
1359
1314
1317
1432
1115
1184
1024
1554
1077
1225
1262
952
1285
952
1132
998
1063
1118
1045
1271
1019
975
1291
1266
1354
1455
1036
959
960
1207
1255
966
965
1047
1003
1484
975
1019
1229
1240
1341
971
1413
1499
1411
1016
987
1246
1538
987
1246
1353
1410
1439
985
1003
1285
1210
1074
1158
1035
1221
995
995
1287
1082
1131
1070
1019
1387
1197
1228
1272
1204
1484
1007
1272
1318
1453
1058
1116
1281
1523
1015
1561
1052
1497
1175
1496
1058
1497
1141
1557
1227
1049
1060
1167
1410
1025
1390
1025
1048
1277
1553
1397
1401
1040
1059
1170
1462
1095
1294
1384
1459
1176
1176
1189
1473
1262
1054
1404
1305
1404
1055
1109
1182
1055
1083
1089
1193
1252
1375
1388
1058
1098
1210
1090
1096
1097
1053
1257
1326
1057
1155
1408
1461
1353
1217
1066
1100
1546
1398
1398
1487
1078
1333
1338
1159
1259
1156
1175
1080
1319
1487
1215
1343
1434
1485
1085
1470
1472
1084
1418
1116
1089
1418
1130
1446
1448
1512
1549
1472
1093
1139
1141
1222
1276
1352
1106
1360
1099
1106
1248
1153
1260
1491
1408
1443
1125
1206
1378
1171
1305
1209
1123
1173
1377
1216
1468
1487
1296
1310
1156
1160
1178
1130
1173
1328
1125
1191
1179
1168
1465
1138
1399
1455
1207
1137
1322
1454
1324
1420
1436
1191
1552
1415
1303
1443
1356
1423
1234
1153
1354
1530
1151
1223
1193
1152
1153
1354
1374
1170
1437
1289
1342
1403
1393
1161
1480
1422
1471
1326
1253
1347
1269
1335
1183
1305
1200
1387
1459
1459
1193
1472
1217
1315
1200
1283
1318
1228
1395
1403
1197
1403
1441
1268
1204
1214
1494
1208
1334
1273
1397
1233
1218
1215
1377
1220
1398
1438
1239
1258
1223
1279
1449
1285
1291
1250
1488
1239
1241
1385
1239
1474
1484
1242
1454
1242
1302
1442
1548
1468
1432
1258
1466
1327
1492
1333
1263
1270
1271
1271
1275
1385
1367
1280
1284
1292
1296
1293
1309
1323
1349
1308
1289
1442
1292
1309
1363
1533
1535
1300
1306
1312
1374
1306
1427
1351
1427
1383
1316
1373
1373
1331
1341
1500
1404
1348
1355
1420
1332
1341
1338
1345
1433
1389
1442
1450
1346
1377
1495
1350
1361
1357
1360
1452
1387
1375
1520
1374
1381
1381
1394
1514
1389
1390
1391
1391
1399
1439
1501
1449
1498
1409
1425
1560
1498
1561
1413
1438
1479
1425
1498
1439
1489
1432
1466
1447
1501
1456
1457
1458
1559
1465
1469
1488
1483
1480
1496
1494
1495
1539
1547
1507
1508
1551
1508
1523
1551
1511
1528
1512
1550
1522
1514
1526
1516
1521
1524
1518
1529
1519
1521
1520
1520
1550
1527
1528
1525
1526
1529
1550
1551
1531
1543
1532
1548
1534
1545
1549
1543
1548
1536
1537
1544
1538
1538
1541
1540
1541
1542
1542
1547
1549
1545
1547
1546
1548
1557
1562
1554
1556
1555
1556
1563
1559
1560
1561
1561
1563
)


// ************************************************************************* //
