/*--------------------------------*- C++ -*----------------------------------*\
| =========                 |                                                 |
| \\      /  F ield         | OpenFOAM: The Open Source CFD Toolbox           |
|  \\    /   O peration     | Version:  2512                                  |
|   \\  /    A nd           | Website:  www.openfoam.com                      |
|    \\/     M anipulation  |                                                 |
\*---------------------------------------------------------------------------*/
FoamFile
{
    version     2.0;
    format      ascii;
    arch        "LSB;label=32;scalar=64";
    class       vectorField;
    location    "constant/heatSource/polyMesh";
    object      points;
}
// * * * * * * * * * * * * * * * * * * * * * * * * * * * * * * * * * * * * * //


601
(
(0.042 0.04 0.004)
(0.042 0.04 0.002)
(0.042 0 0.004)
(0.042 0 0.002)
(0 0.04 0.004)
(0 0.04 0.002)
(0 0 0.004)
(0 0 0.002)
(0.001956771 0 0.002)
(0.003913542 0 0.002)
(0.005870313 0 0.002)
(0.007827085 0 0.002)
(0.009783856 0 0.002)
(0.01192479 0 0.002)
(0.01399464 0 0.002)
(0.01595142 0 0.002)
(0.01790819 0 0.002)
(0.01986496 0 0.002)
(0.02182173 0 0.002)
(0.02408378 0 0.002)
(0.02604055 0 0.002)
(0.02799732 0 0.002)
(0.02995409 0 0.002)
(0.03191086 0 0.002)
(0.03407001 0 0.002)
(0.03612969 0 0.002)
(0.03808646 0 0.002)
(0.04004323 0 0.002)
(0.042 0.001955241 0.002)
(0.042 0.003910482 0.002)
(0.042 0.005947493 0.002)
(0.042 0.008119358 0.002)
(0.042 0.0100746 0.002)
(0.042 0.01202984 0.002)
(0.042 0.01398508 0.002)
(0.042 0.01594032 0.002)
(0.042 0.01819396 0.002)
(0.042 0.0201492 0.002)
(0.042 0.02210444 0.002)
(0.042 0.02405968 0.002)
(0.042 0.02601492 0.002)
(0.042 0.02797016 0.002)
(0.042 0.03010643 0.002)
(0.042 0.03217904 0.002)
(0.042 0.03413428 0.002)
(0.042 0.03608952 0.002)
(0.042 0.03804476 0.002)
(0.001956771 0.04 0.002)
(0.003913542 0.04 0.002)
(0.005870313 0.04 0.002)
(0.007827085 0.04 0.002)
(0.009783856 0.04 0.002)
(0.01192479 0.04 0.002)
(0.01399464 0.04 0.002)
(0.01595142 0.04 0.002)
(0.01790819 0.04 0.002)
(0.01986496 0.04 0.002)
(0.02182173 0.04 0.002)
(0.02408378 0.04 0.002)
(0.02604055 0.04 0.002)
(0.02799732 0.04 0.002)
(0.02995409 0.04 0.002)
(0.03191086 0.04 0.002)
(0.03407001 0.04 0.002)
(0.03612969 0.04 0.002)
(0.03808646 0.04 0.002)
(0.04004323 0.04 0.002)
(0 0.001955241 0.002)
(0 0.003910482 0.002)
(0 0.005947493 0.002)
(0 0.008119358 0.002)
(0 0.0100746 0.002)
(0 0.01202984 0.002)
(0 0.01398508 0.002)
(0 0.01594032 0.002)
(0 0.01819396 0.002)
(0 0.0201492 0.002)
(0 0.02210444 0.002)
(0 0.02405968 0.002)
(0 0.02601492 0.002)
(0 0.02797016 0.002)
(0 0.03010643 0.002)
(0 0.03217904 0.002)
(0 0.03413428 0.002)
(0 0.03608952 0.002)
(0 0.03804476 0.002)
(0.042 0.001955241 0.004)
(0.042 0.003910482 0.004)
(0.042 0.005947493 0.004)
(0.042 0.008119358 0.004)
(0.042 0.0100746 0.004)
(0.042 0.01202984 0.004)
(0.042 0.01398508 0.004)
(0.042 0.01594032 0.004)
(0.042 0.01819396 0.004)
(0.042 0.0201492 0.004)
(0.042 0.02210444 0.004)
(0.042 0.02405968 0.004)
(0.042 0.02601492 0.004)
(0.042 0.02797016 0.004)
(0.042 0.03010643 0.004)
(0.042 0.03217904 0.004)
(0.042 0.03413428 0.004)
(0.042 0.03608952 0.004)
(0.042 0.03804476 0.004)
(0.001956771 0.04 0.004)
(0.003913542 0.04 0.004)
(0.005870313 0.04 0.004)
(0.007827085 0.04 0.004)
(0.009783856 0.04 0.004)
(0.01192479 0.04 0.004)
(0.01399464 0.04 0.004)
(0.01595142 0.04 0.004)
(0.01790819 0.04 0.004)
(0.01986496 0.04 0.004)
(0.02182173 0.04 0.004)
(0.02408378 0.04 0.004)
(0.02604055 0.04 0.004)
(0.02799732 0.04 0.004)
(0.02995409 0.04 0.004)
(0.03191086 0.04 0.004)
(0.03407001 0.04 0.004)
(0.03612969 0.04 0.004)
(0.03808646 0.04 0.004)
(0.04004323 0.04 0.004)
(0.001956771 0 0.004)
(0.003913542 0 0.004)
(0.005870313 0 0.004)
(0.007827085 0 0.004)
(0.009783856 0 0.004)
(0.01192479 0 0.004)
(0.01399464 0 0.004)
(0.01595142 0 0.004)
(0.01790819 0 0.004)
(0.01986496 0 0.004)
(0.02182173 0 0.004)
(0.02408378 0 0.004)
(0.02604055 0 0.004)
(0.02799732 0 0.004)
(0.02995409 0 0.004)
(0.03191086 0 0.004)
(0.03407001 0 0.004)
(0.03612969 0 0.004)
(0.03808646 0 0.004)
(0.04004323 0 0.004)
(0 0.001955241 0.004)
(0 0.003910482 0.004)
(0 0.005947493 0.004)
(0 0.008119358 0.004)
(0 0.0100746 0.004)
(0 0.01202984 0.004)
(0 0.01398508 0.004)
(0 0.01594032 0.004)
(0 0.01819396 0.004)
(0 0.0201492 0.004)
(0 0.02210444 0.004)
(0 0.02405968 0.004)
(0 0.02601492 0.004)
(0 0.02797016 0.004)
(0 0.03010643 0.004)
(0 0.03217904 0.004)
(0 0.03413428 0.004)
(0 0.03608952 0.004)
(0 0.03804476 0.004)
(0.03928523 0.03846229 0.004)
(0.03521954 0.03822699 0.004)
(0.03095877 0.03846514 0.004)
(0.02714777 0.03784118 0.004)
(0.02295342 0.03821215 0.004)
(0.018903 0.03822997 0.004)
(0.01484521 0.03829734 0.004)
(0.01068474 0.03819704 0.004)
(0.006765362 0.03846091 0.004)
(0.002854923 0.03853814 0.004)
(0.001277538 0.03882097 0.004)
(0.001846826 0.03522412 0.004)
(0.002115378 0.03127535 0.004)
(0.00201699 0.02708762 0.004)
(0.002128532 0.02315623 0.004)
(0.002098596 0.01909916 0.004)
(0.002225726 0.01497865 0.004)
(0.001876864 0.01104284 0.004)
(0.002064965 0.006939951 0.004)
(0.001605959 0.003043948 0.004)
(0.001814394 0.001288757 0.004)
(0.005091125 0.001283168 0.004)
(0.008547334 0.001934578 0.004)
(0.01300537 0.001831353 0.004)
(0.01702532 0.002026177 0.004)
(0.02088956 0.001417106 0.004)
(0.02468594 0.001821083 0.004)
(0.02893111 0.001682033 0.004)
(0.03307106 0.001887897 0.004)
(0.0370583 0.001624915 0.004)
(0.04048813 0.002707971 0.004)
(0.04021091 0.006880557 0.004)
(0.04028436 0.01099907 0.004)
(0.04020697 0.01505201 0.004)
(0.04027959 0.019177 0.004)
(0.04020256 0.02315611 0.004)
(0.0403143 0.02696351 0.004)
(0.04010655 0.03123407 0.004)
(0.04040355 0.0351159 0.004)
(0.03725222 0.0383679 0.004)
(0.03295965 0.03812798 0.004)
(0.02923996 0.0380222 0.004)
(0.0248948 0.03795093 0.004)
(0.0208746 0.03832222 0.004)
(0.01682394 0.03830033 0.004)
(0.01286704 0.03816005 0.004)
(0.008755344 0.03836395 0.004)
(0.004932402 0.03844994 0.004)
(0.001606017 0.03712197 0.004)
(0.002026347 0.03321878 0.004)
(0.00200667 0.02912698 0.004)
(0.002186112 0.02508909 0.004)
(0.001989396 0.02107731 0.004)
(0.002431167 0.01700578 0.004)
(0.002035198 0.01300989 0.004)
(0.001927849 0.009058638 0.004)
(0.001807277 0.005065948 0.004)
(0.0149727 0.001841965 0.004)
(0.003390567 0.001957252 0.004)
(0.006753079 0.001635233 0.004)
(0.01076149 0.002066931 0.004)
(0.01919116 0.001856323 0.004)
(0.02267713 0.00176461 0.004)
(0.02686174 0.001645693 0.004)
(0.03087521 0.001863456 0.004)
(0.03514821 0.001771143 0.004)
(0.03879566 0.001417385 0.004)
(0.04031734 0.004684023 0.004)
(0.04020212 0.009041027 0.004)
(0.04030177 0.01307131 0.004)
(0.04014739 0.0171976 0.004)
(0.0402864 0.02112038 0.004)
(0.04034202 0.02501181 0.004)
(0.0401158 0.02904281 0.004)
(0.0402253 0.03318521 0.004)
(0.04057006 0.03678615 0.004)
(0.03644768 0.03627255 0.004)
(0.003930771 0.02010575 0.004)
(0.02604031 0.03516081 0.004)
(0.03115161 0.03594856 0.004)
(0.02184424 0.03646004 0.004)
(0.01773651 0.03584894 0.004)
(0.01376623 0.03590282 0.004)
(0.009350264 0.03605486 0.004)
(0.005693877 0.03651753 0.004)
(0.00353793 0.03669011 0.004)
(0.00456535 0.03026037 0.004)
(0.005560604 0.01586988 0.004)
(0.004459443 0.0220724 0.004)
(0.02772028 0.003352888 0.004)
(0.004510541 0.03248877 0.004)
(0.004676342 0.02625702 0.004)
(0.004049971 0.02820879 0.004)
(0.00481111 0.01813795 0.004)
(0.004754198 0.0241571 0.004)
(0.004336462 0.01187435 0.004)
(0.004416658 0.007982179 0.004)
(0.003386698 0.003924204 0.004)
(0.009475469 0.004439519 0.004)
(0.0319322 0.004400932 0.004)
(0.01403863 0.003648036 0.004)
(0.01842618 0.004511277 0.004)
(0.007137032 0.004051615 0.004)
(0.02084285 0.003520103 0.004)
(0.01600412 0.00430134 0.004)
(0.0254758 0.004044388 0.004)
(0.01190032 0.004253105 0.004)
(0.02974749 0.004148863 0.004)
(0.02313971 0.004259894 0.004)
(0.03650983 0.003714635 0.004)
(0.03798918 0.007744466 0.004)
(0.03820752 0.01422659 0.004)
(0.03397371 0.03593567 0.004)
(0.03862732 0.03656667 0.004)
(0.03823608 0.0120206 0.004)
(0.03785237 0.01836712 0.004)
(0.03790879 0.02210729 0.004)
(0.03856405 0.02602978 0.004)
(0.03777122 0.03007846 0.004)
(0.02850456 0.03524218 0.004)
(0.01985942 0.03595212 0.004)
(0.02378832 0.03566219 0.004)
(0.00411952 0.0346447 0.004)
(0.005241842 0.003194338 0.004)
(0.0381674 0.0054884 0.004)
(0.0385173 0.003376105 0.004)
(0.01577676 0.03644761 0.004)
(0.01148433 0.03581367 0.004)
(0.007602725 0.03667559 0.004)
(0.03423038 0.004069455 0.004)
(0.004572219 0.005649492 0.004)
(0.004278226 0.01389242 0.004)
(0.003832031 0.00998131 0.004)
(0.03778543 0.01630389 0.004)
(0.03802953 0.009913994 0.004)
(0.03795609 0.02788449 0.004)
(0.03799115 0.02413047 0.004)
(0.03821582 0.03444234 0.004)
(0.03848303 0.02022012 0.004)
(0.03796761 0.0322938 0.004)
(0.007369026 0.03154482 0.004)
(0.006682887 0.02030024 0.004)
(0.006382636 0.01004476 0.004)
(0.03325313 0.007030599 0.004)
(0.02429402 0.007089001 0.004)
(0.03583008 0.03379154 0.004)
(0.007374306 0.01300136 0.004)
(0.01564933 0.03346628 0.004)
(0.03614541 0.02597304 0.004)
(0.02064799 0.007558005 0.004)
(0.03593761 0.006235922 0.004)
(0.00713622 0.03431477 0.004)
(0.01407803 0.006217538 0.004)
(0.03485557 0.01769773 0.004)
(0.03643777 0.01311574 0.004)
(0.03602121 0.02030233 0.004)
(0.03501106 0.02331747 0.004)
(0.03538095 0.03123366 0.004)
(0.0109346 0.007042947 0.004)
(0.03549132 0.01519534 0.004)
(0.007520019 0.007095868 0.004)
(0.02727616 0.006131763 0.004)
(0.02159672 0.03361343 0.004)
(0.009661625 0.03349355 0.004)
(0.01247371 0.03312852 0.004)
(0.009851319 0.01555896 0.004)
(0.008365464 0.01800602 0.004)
(0.03540771 0.02854198 0.004)
(0.03024813 0.007704746 0.004)
(0.03552646 0.008722835 0.004)
(0.007245476 0.02849377 0.004)
(0.007593053 0.02284341 0.004)
(0.01739643 0.01054116 0.004)
(0.03577719 0.01100232 0.004)
(0.01880676 0.03305755 0.004)
(0.02708077 0.03177124 0.004)
(0.02409559 0.03216568 0.004)
(0.02378968 0.01119527 0.004)
(0.03231083 0.01041293 0.004)
(0.007785486 0.02556793 0.004)
(0.01122779 0.01258376 0.004)
(0.01372419 0.02980109 0.004)
(0.03305089 0.03317602 0.004)
(0.03290108 0.02637298 0.004)
(0.03252317 0.02969391 0.004)
(0.03266237 0.02042485 0.004)
(0.009375725 0.009962316 0.004)
(0.03007218 0.03236503 0.004)
(0.01679536 0.007171259 0.004)
(0.01016291 0.03053079 0.004)
(0.0289407 0.02758725 0.004)
(0.02070452 0.02913122 0.004)
(0.01302122 0.01814042 0.004)
(0.01041325 0.02077061 0.004)
(0.03136124 0.01778281 0.004)
(0.03024588 0.02371604 0.004)
(0.01394805 0.00974479 0.004)
(0.01098687 0.02730178 0.004)
(0.02005856 0.01330929 0.004)
(0.02657006 0.00911276 0.004)
(0.01710763 0.03010019 0.004)
(0.02446625 0.02762383 0.004)
(0.0152526 0.01434011 0.004)
(0.031833 0.01466529 0.004)
(0.01127561 0.0239805 0.004)
(0.02827896 0.01977951 0.004)
(0.03411499 0.01291285 0.004)
(0.01904287 0.01838617 0.004)
(0.0281759 0.01221469 0.004)
(0.01582975 0.02611235 0.004)
(0.02844393 0.01611423 0.004)
(0.02422898 0.01625871 0.004)
(0.02020078 0.02418663 0.004)
(0.01507371 0.02180609 0.004)
(0.02506979 0.02260713 0.004)
(0.002541782 0.03852283 0.002)
(0.006747321 0.03833827 0.002)
(0.0109062 0.03817033 0.002)
(0.01497194 0.03851189 0.002)
(0.01882409 0.03816552 0.002)
(0.02286609 0.03807937 0.002)
(0.02702052 0.03835067 0.002)
(0.03097265 0.03823153 0.002)
(0.03519631 0.03827512 0.002)
(0.03899758 0.0385588 0.002)
(0.04076222 0.03880434 0.002)
(0.04039979 0.03517302 0.002)
(0.04022901 0.03125073 0.002)
(0.04021261 0.02702483 0.002)
(0.0401468 0.02313434 0.002)
(0.04008552 0.01910328 0.002)
(0.04018167 0.01487167 0.002)
(0.04038336 0.01102289 0.002)
(0.0402616 0.006981652 0.002)
(0.0404684 0.003181589 0.002)
(0.04019853 0.001328132 0.002)
(0.03696795 0.001440152 0.002)
(0.0331589 0.001773313 0.002)
(0.02896489 0.001793955 0.002)
(0.02489082 0.001727392 0.002)
(0.020849 0.001674503 0.002)
(0.01684412 0.001896969 0.002)
(0.01288703 0.001813294 0.002)
(0.008832601 0.001608564 0.002)
(0.005002277 0.001619443 0.002)
(0.00171909 0.002571403 0.002)
(0.001878493 0.006859975 0.002)
(0.001844619 0.01104105 0.002)
(0.001943791 0.01492191 0.002)
(0.002115591 0.0190747 0.002)
(0.002156838 0.02310507 0.002)
(0.001805645 0.02704639 0.002)
(0.001912349 0.0312252 0.002)
(0.001635368 0.03517143 0.002)
(0.004773639 0.03839406 0.002)
(0.008756641 0.0382538 0.002)
(0.01317806 0.03818711 0.002)
(0.01671289 0.03817021 0.002)
(0.02085811 0.03818726 0.002)
(0.02490862 0.03814598 0.002)
(0.02900994 0.0383812 0.002)
(0.03313578 0.03819024 0.002)
(0.03714842 0.03840798 0.002)
(0.04052261 0.03696066 0.002)
(0.04029148 0.03321138 0.002)
(0.04020032 0.02904225 0.002)
(0.04018876 0.02506528 0.002)
(0.04011845 0.02102637 0.002)
(0.04009856 0.01705435 0.002)
(0.04033668 0.01300159 0.002)
(0.04025256 0.009072911 0.002)
(0.04043638 0.00501909 0.002)
(0.02700773 0.00179333 0.002)
(0.03853198 0.002092879 0.002)
(0.03523074 0.001681696 0.002)
(0.03095059 0.001802223 0.002)
(0.02287586 0.001632237 0.002)
(0.01891537 0.001850752 0.002)
(0.01497388 0.001755712 0.002)
(0.01079764 0.001862048 0.002)
(0.006838826 0.00155512 0.002)
(0.003144483 0.001466979 0.002)
(0.001804058 0.004812514 0.002)
(0.00182544 0.009032772 0.002)
(0.001845298 0.01290989 0.002)
(0.002115599 0.0170236 0.002)
(0.002151762 0.02106096 0.002)
(0.001855675 0.02505372 0.002)
(0.00191452 0.02906482 0.002)
(0.00180293 0.03324066 0.002)
(0.001442322 0.03698059 0.002)
(0.00544597 0.03643124 0.002)
(0.03778954 0.02002798 0.002)
(0.009911517 0.03593639 0.002)
(0.01969162 0.03625488 0.002)
(0.02392335 0.03552479 0.002)
(0.02800962 0.03662619 0.002)
(0.03207902 0.03581669 0.002)
(0.03653784 0.03631514 0.002)
(0.03860181 0.03656977 0.002)
(0.0379894 0.03024869 0.002)
(0.03775632 0.01583071 0.002)
(0.03765739 0.02205921 0.002)
(0.03448579 0.003938098 0.002)
(0.03804159 0.03236745 0.002)
(0.03798771 0.02613612 0.002)
(0.03799112 0.02812683 0.002)
(0.03779654 0.01794558 0.002)
(0.03787014 0.02406684 0.002)
(0.03861516 0.01200561 0.002)
(0.03801712 0.007979515 0.002)
(0.03895894 0.003975058 0.002)
(0.01783238 0.004419259 0.002)
(0.02790034 0.004201989 0.002)
(0.02371765 0.003829451 0.002)
(0.02998617 0.00408408 0.002)
(0.03688782 0.003571695 0.002)
(0.02582522 0.004048843 0.002)
(0.01176636 0.004740555 0.002)
(0.00775883 0.003227295 0.002)
(0.004042986 0.008018382 0.002)
(0.003882728 0.005664225 0.002)
(0.007559138 0.03621016 0.002)
(0.003342348 0.03664817 0.002)
(0.004226201 0.01181787 0.002)
(0.004480979 0.01573528 0.002)
(0.004558471 0.02008966 0.002)
(0.004388795 0.02427569 0.002)
(0.00415136 0.03019849 0.002)
(0.003711813 0.03455633 0.002)
(0.01502399 0.03616449 0.002)
(0.021725 0.035656 0.002)
(0.01751075 0.03561413 0.002)
(0.03824928 0.03448933 0.002)
(0.01236499 0.03586313 0.002)
(0.01995067 0.004208011 0.002)
(0.003575291 0.003438404 0.002)
(0.02606456 0.0358839 0.002)
(0.02995479 0.03602695 0.002)
(0.03430963 0.0360431 0.002)
(0.03804245 0.0137591 0.002)
(0.03220954 0.004027769 0.002)
(0.0384151 0.005749741 0.002)
(0.03803264 0.01010336 0.002)
(0.01584115 0.004207226 0.002)
(0.02183504 0.003485618 0.002)
(0.005738968 0.003924645 0.002)
(0.01389556 0.003768145 0.002)
(0.009666931 0.003950566 0.002)
(0.004466506 0.01788769 0.002)
(0.003780454 0.009987116 0.002)
(0.003888901 0.01379824 0.002)
(0.004709122 0.02221894 0.002)
(0.003748852 0.02607011 0.002)
(0.004074247 0.02795436 0.002)
(0.00400327 0.03248 0.002)
(0.03072672 0.03301181 0.002)
(0.02806573 0.0339606 0.002)
(0.03522929 0.009384707 0.002)
(0.03529567 0.01432237 0.002)
(0.009286211 0.007465125 0.002)
(0.03629157 0.01193796 0.002)
(0.01653311 0.007189335 0.002)
(0.03579335 0.02521774 0.002)
(0.006987078 0.01340461 0.002)
(0.006010916 0.03405233 0.002)
(0.01112049 0.03313965 0.002)
(0.03121748 0.006450827 0.002)
(0.0334461 0.03315881 0.002)
(0.006543079 0.03140174 0.002)
(0.01420027 0.006333972 0.002)
(0.03601544 0.03385428 0.002)
(0.00653445 0.009934801 0.002)
(0.03614583 0.006484529 0.002)
(0.007770629 0.005256924 0.002)
(0.006916464 0.01887433 0.002)
(0.02190821 0.006617158 0.002)
(0.006259904 0.02613314 0.002)
(0.01923714 0.007434154 0.002)
(0.007426682 0.01640777 0.002)
(0.01659965 0.031829 0.002)
(0.00619964 0.006977671 0.002)
(0.03504241 0.01683132 0.002)
(0.03355097 0.007018236 0.002)
(0.007797288 0.02123261 0.002)
(0.03557616 0.01893415 0.002)
(0.03488238 0.02326926 0.002)
(0.01384633 0.03336982 0.002)
(0.01199123 0.007987716 0.002)
(0.02432829 0.006292758 0.002)
(0.02897336 0.007170418 0.002)
(0.0355528 0.03144725 0.002)
(0.008435082 0.03354077 0.002)
(0.007705268 0.02381724 0.002)
(0.00696351 0.02874453 0.002)
(0.01959629 0.03318686 0.002)
(0.02548419 0.0326819 0.002)
(0.03535019 0.02724973 0.002)
(0.03481459 0.02097371 0.002)
(0.02656653 0.007028789 0.002)
(0.02252043 0.03225164 0.002)
(0.03251687 0.02933455 0.002)
(0.03586887 0.02927212 0.002)
(0.01452264 0.00982007 0.002)
(0.01559333 0.0263293 0.002)
(0.02016253 0.02802156 0.002)
(0.03311577 0.01233469 0.002)
(0.02113962 0.0108165 0.002)
(0.03227362 0.01889266 0.002)
(0.0247326 0.02856703 0.002)
(0.00953642 0.03024257 0.002)
(0.02846073 0.03020985 0.002)
(0.03138353 0.009748496 0.002)
(0.02419657 0.009336146 0.002)
(0.01083684 0.01522586 0.002)
(0.01306367 0.02972462 0.002)
(0.0105851 0.01121457 0.002)
(0.01762029 0.01092968 0.002)
(0.03202063 0.01571414 0.002)
(0.03071868 0.02231898 0.002)
(0.03271577 0.02565005 0.002)
(0.0103111 0.02632769 0.002)
(0.01213239 0.02253285 0.002)
(0.02750624 0.01029629 0.002)
(0.02899993 0.02640953 0.002)
(0.01021149 0.01883351 0.002)
(0.02919809 0.01359335 0.002)
(0.02682224 0.01847468 0.002)
(0.01489616 0.01383386 0.002)
(0.01481168 0.01835147 0.002)
(0.01907315 0.02201545 0.002)
(0.02477028 0.02383468 0.002)
(0.0246221 0.01376685 0.002)
(0.01993381 0.01594612 0.002)
(0.03952358 0.0280299 0.003017805)
(0.02389758 0.03741772 0.002969893)
(0.01192396 0.0388019 0.002988438)
)


// ************************************************************************* //
