/*--------------------------------*- C++ -*----------------------------------*\
  =========                 |
  \\      /  F ield         | OpenFOAM: The Open Source CFD Toolbox
   \\    /   O peration     | Website:  https://openfoam.org
    \\  /    A nd           | Version:  13
     \\/     M anipulation  |
\*---------------------------------------------------------------------------*/
FoamFile
{
    format      ascii;
    class       faceSet;
    location    "constant/polyMesh/sets";
    object      circularFaceZone_z015;
}
// * * * * * * * * * * * * * * * * * * * * * * * * * * * * * * * * * * * * * //


1008
(
319490 
319493 
319496 
319499 
319502 
356367 
319505 
356370 
319508 
356373 
319511 
356376 
319514 
356379 
319517 
356382 
319520 
356385 
319523 
356388 
319526 
356391 
319529 
356394 
319532 
356397 
356399 
319535 
319538 
319541 
319544 
319547 
319550 
319553 
319556 
319559 
319562 
319565 
319568 
319571 
331862 
319574 
331865 
319577 
331868 
319580 
331871 
319583 
331874 
319586 
331877 
319589 
331880 
319592 
331883 
319595 
331886 
319598 
331889 
319601 
331892 
319604 
331895 
319607 
331898 
319610 
331901 
319613 
331904 
319616 
331907 
319619 
331910 
319622 
331913 
319625 
331916 
319628 
331919 
319631 
331922 
319634 
331925 
319637 
331928 
319640 
331931 
319643 
331934 
319646 
331937 
319649 
331940 
319652 
331943 
319655 
331946 
319658 
331949 
319661 
331952 
319664 
331955 
319667 
331958 
319670 
331961 
319673 
331964 
319676 
331967 
319679 
331970 
331973 
331976 
331979 
331982 
331985 
331988 
331991 
331994 
331997 
332000 
332003 
332006 
332009 
332012 
332015 
332018 
332021 
332024 
332027 
332030 
332033 
332036 
332039 
332042 
332045 
332048 
332051 
332054 
332057 
332060 
332063 
332066 
672036 
672037 
332069 
672038 
672039 
672040 
332072 
672041 
672042 
672043 
332075 
672044 
672045 
672046 
332078 
672047 
672048 
672049 
332081 
672050 
672051 
672052 
332084 
672053 
672054 
672055 
332087 
672056 
672057 
672058 
332090 
672059 
672060 
672061 
332093 
672062 
672063 
672064 
332096 
672065 
672066 
672067 
332099 
672068 
672069 
672070 
332102 
672071 
672072 
672073 
332105 
672074 
672075 
352587 
672076 
332108 
672077 
672078 
352590 
672079 
332111 
672080 
672081 
352593 
672082 
332114 
672083 
672084 
352596 
672085 
332117 
672086 
672087 
352599 
672088 
332120 
672089 
672090 
352602 
672091 
332123 
672092 
672093 
352605 
672094 
332126 
672095 
672096 
352608 
672097 
332129 
672098 
672099 
352611 
672100 
332132 
672101 
672102 
352614 
672103 
332135 
672104 
672105 
352617 
672106 
332138 
672107 
352619 
672108 
672109 
332141 
672110 
672111 
672112 
332144 
672113 
672114 
672115 
332147 
672116 
672117 
672118 
332150 
672119 
672120 
672121 
332153 
672122 
672123 
672124 
332156 
672125 
672126 
672127 
332159 
672128 
672129 
672130 
332162 
672131 
672132 
672133 
332165 
672134 
672135 
672136 
332168 
672137 
672138 
672139 
332171 
672140 
672141 
672142 
332174 
672143 
672144 
672145 
332177 
672146 
672147 
672148 
332180 
672149 
672150 
672151 
332183 
672152 
672153 
672154 
332186 
672155 
672156 
672157 
332189 
672158 
672159 
672160 
332192 
672161 
672162 
672163 
332195 
672164 
672165 
672166 
332198 
672167 
332201 
332204 
332207 
332210 
332213 
332216 
354747 
332219 
354750 
332222 
354753 
332225 
354756 
332228 
354759 
332231 
354762 
332234 
354765 
332237 
354768 
332240 
354771 
332243 
354774 
332246 
354777 
332249 
354779 
332252 
332255 
332257 
332259 
332261 
332263 
332265 
332267 
332269 
332271 
332273 
332275 
332277 
332279 
356907 
356910 
356913 
356916 
356919 
356922 
356925 
356928 
356931 
356934 
356937 
356939 
672336 
672338 
672340 
672342 
672344 
672346 
672348 
672350 
672352 
672354 
672356 
672358 
344811 
344815 
344819 
344823 
344827 
344831 
344835 
344839 
344843 
344847 
344851 
344855 
344858 
344861 
344864 
344867 
344870 
344873 
344876 
344879 
344882 
344885 
344888 
344891 
344894 
344897 
344900 
344903 
344906 
344909 
344912 
344915 
344918 
344921 
344924 
344927 
344930 
344933 
353127 
344936 
353130 
344939 
353133 
344942 
353136 
344945 
353139 
344948 
353142 
344951 
353145 
344954 
353148 
344957 
353151 
344960 
353154 
344963 
353157 
344966 
353159 
344969 
344972 
344975 
344978 
344981 
344984 
344987 
344990 
344993 
344996 
344999 
345002 
345005 
345008 
345011 
345014 
345017 
345020 
345023 
345026 
345029 
345032 
345035 
345038 
345041 
345044 
355287 
345047 
355290 
345050 
355293 
345053 
355296 
345056 
355299 
345059 
355302 
345062 
355305 
345065 
355308 
345068 
355311 
345071 
355314 
345074 
355317 
345077 
355319 
345080 
345083 
345086 
345089 
345092 
345095 
345098 
345101 
345104 
345107 
345110 
345113 
345116 
345119 
345122 
345125 
345128 
345131 
345134 
345137 
345140 
345143 
345146 
345149 
345152 
345155 
345158 
357447 
345161 
357450 
345164 
357453 
345167 
357456 
345170 
357459 
345173 
357462 
345176 
357465 
345179 
357468 
345182 
357471 
345185 
357474 
345188 
357477 
357479 
345191 
345194 
345197 
672878 
672879 
672880 
345200 
672881 
672882 
672883 
345203 
672884 
672885 
672886 
345206 
672887 
672888 
672889 
345209 
345212 
345215 
345217 
345219 
345221 
345223 
672905 
345225 
672906 
672907 
345227 
672908 
672909 
345229 
672910 
672911 
345231 
672912 
672913 
345233 
672914 
672915 
345235 
672916 
345237 
345239 
672932 
672933 
672934 
672935 
672936 
672937 
672938 
672939 
672940 
672941 
672942 
672943 
672959 
672960 
672961 
672962 
672963 
672964 
672965 
672966 
672967 
672968 
672969 
672970 
672986 
672987 
672988 
672989 
672990 
672991 
672992 
672993 
672994 
672995 
672996 
672997 
673013 
673014 
673015 
673016 
673017 
673018 
673019 
673020 
673021 
673022 
673023 
673024 
673040 
673041 
673042 
673043 
673044 
673045 
673046 
673047 
673048 
673049 
673050 
673051 
673067 
673068 
673069 
673070 
673071 
673072 
673073 
673074 
673075 
673076 
673077 
673078 
673094 
673095 
673096 
673097 
673098 
673099 
673100 
673101 
673102 
673103 
673104 
673105 
673121 
673122 
673123 
673124 
673125 
673126 
673127 
673128 
673129 
673130 
673131 
673132 
673148 
673149 
673150 
673151 
673152 
673153 
673154 
673155 
353667 
673156 
673157 
673158 
353670 
673159 
353673 
353676 
353679 
353682 
353685 
353688 
353691 
353694 
353697 
353699 
357818 
357820 
357822 
357824 
357826 
357828 
357830 
357832 
357834 
357836 
357838 
357839 
355827 
355830 
355833 
355836 
355839 
355842 
355845 
355848 
355851 
355854 
355857 
355859 
673343 
673345 
673347 
673349 
673351 
673353 
673355 
673357 
673359 
673361 
673363 
673365 
319250 
319253 
319256 
319259 
319262 
319265 
319268 
319271 
319274 
319277 
352047 
319280 
352050 
319283 
352053 
319286 
352056 
319289 
352059 
319292 
352062 
319295 
352065 
319298 
352068 
671557 
319301 
671558 
671559 
352071 
671560 
319304 
671561 
671562 
352074 
671563 
319307 
671564 
671565 
352077 
671566 
319310 
671567 
352079 
671568 
319313 
671570 
671571 
671572 
319316 
671573 
671574 
671575 
319319 
671576 
671577 
671578 
319322 
671579 
671580 
671581 
319325 
671583 
671584 
319328 
671585 
671586 
671587 
319331 
671588 
671589 
671590 
319334 
671591 
671592 
671593 
319337 
671594 
671596 
319340 
671597 
671598 
671599 
319343 
671600 
671601 
671602 
319346 
671603 
671604 
671605 
319349 
671606 
671607 
319352 
671609 
671610 
671611 
319355 
671612 
671613 
671614 
319358 
671615 
671616 
671617 
319361 
671618 
671619 
671620 
319364 
671622 
671623 
319367 
671624 
671625 
671626 
319370 
671627 
671628 
671629 
319373 
671630 
671631 
671632 
319376 
671633 
671635 
319379 
671636 
671637 
671638 
319382 
671639 
671640 
671641 
319385 
671642 
671643 
671644 
319388 
671645 
671646 
354207 
319391 
671648 
671649 
671650 
354210 
319394 
671651 
671652 
671653 
354213 
319397 
671654 
671655 
671656 
354216 
319400 
671657 
671658 
671659 
354219 
319403 
671661 
671662 
354222 
319406 
671663 
671664 
671665 
354225 
319409 
671666 
671667 
671668 
354228 
319412 
671669 
671670 
671671 
354231 
319415 
671672 
671674 
354234 
319418 
671675 
671676 
671677 
354237 
319421 
671678 
671679 
354239 
671680 
319424 
671681 
671682 
671683 
319427 
671684 
671685 
319430 
671687 
671688 
671689 
319433 
671690 
671691 
671692 
319436 
671693 
671694 
671695 
319439 
671696 
671697 
671698 
319442 
671700 
671701 
319445 
671702 
671703 
671704 
319448 
671705 
671706 
671707 
319451 
671708 
671709 
671710 
319454 
671711 
319457 
319460 
319463 
319466 
319469 
319472 
319475 
319478 
319481 
319484 
319487 
)

// ************************************************************************* //
