/*--------------------------------*- C++ -*----------------------------------*\
  =========                 |
  \\      /  F ield         | OpenFOAM: The Open Source CFD Toolbox
   \\    /   O peration     | Website:  https://openfoam.org
    \\  /    A nd           | Version:  13
     \\/     M anipulation  |
\*---------------------------------------------------------------------------*/
FoamFile
{
    format      ascii;
    class       faceSet;
    location    "constant/polyMesh/sets";
    object      wingFaceZone2;
}
// * * * * * * * * * * * * * * * * * * * * * * * * * * * * * * * * * * * * * //


467
(
462851 
33797 
32776 
174089 
35849 
399371 
176141 
37901 
34829 
459791 
461843 
400403 
177173 
173081 
401435 
395291 
175133 
36893 
460835 
462887 
33833 
177197 
174125 
35885 
176177 
459827 
461879 
400439 
32824 
463931 
34876 
173117 
401471 
395327 
175169 
36929 
177221 
396358 
460871 
176201 
462923 
33869 
174161 
35921 
37973 
459863 
461915 
400475 
177245 
463967 
173153 
34913 
401507 
395363 
175205 
36965 
464999 
32872 
460907 
396395 
462959 
33905 
177269 
174197 
35957 
176248 
38009 
465023 
461951 
177281 
464003 
173189 
34949 
401543 
395399 
175241 
37001 
460943 
396431 
462995 
33941 
397462 
465047 
32920 
174233 
35993 
176285 
38045 
461987 
464039 
173225 
34985 
401579 
395435 
175277 
37037 
465071 
174257 
396467 
38069 
463031 
33977 
397499 
36029 
176321 
465095 
462023 
32968 
464075 
173261 
35021 
395471 
175313 
37073 
396503 
463067 
34013 
465119 
397535 
174304 
36065 
176357 
398566 
464111 
173297 
35057 
395507 
175349 
37109 
465143 
33016 
396539 
34049 
397571 
174341 
36101 
176393 
398603 
464147 
173333 
35093 
175385 
37145 
36125 
396575 
34085 
397607 
33064 
174377 
176429 
398639 
399670 
464183 
173369 
35129 
175421 
37181 
459071 
396611 
172360 
34121 
397643 
36172 
174413 
176465 
398675 
33112 
399707 
173405 
35165 
175457 
37217 
459107 
34157 
397679 
174449 
36209 
176501 
460151 
398711 
399743 
173441 
35201 
175493 
37253 
34181 
400774 
459143 
33160 
397715 
174485 
36245 
176537 
460187 
398747 
399779 
173477 
35237 
175529 
37289 
459179 
400811 
461231 
34228 
33208 
174521 
36281 
176573 
460223 
398783 
175553 
399815 
173513 
35273 
37325 
459215 
400847 
461267 
34265 
174557 
36317 
176609 
460259 
462311 
33256 
399851 
173549 
35309 
175600 
37361 
459251 
400883 
461303 
34301 
174593 
36353 
176645 
460295 
462347 
399887 
173585 
35345 
175637 
37397 
459287 
400919 
33304 
461339 
395806 
463391 
172577 
34337 
174629 
36389 
176681 
173609 
460331 
37421 
462383 
399923 
35381 
175673 
459323 
400955 
461375 
463427 
395843 
34373 
33352 
174665 
36425 
176717 
460367 
462419 
464471 
173656 
35417 
37468 
175709 
400991 
461411 
463463 
395879 
172649 
34409 
174701 
36461 
396910 
176753 
460403 
462455 
33400 
464507 
173693 
35453 
175745 
401027 
461447 
463499 
395915 
172685 
34445 
174737 
36497 
396947 
176789 
35477 
462491 
464543 
173729 
175781 
37541 
33448 
461483 
463535 
395951 
172721 
34481 
174773 
36533 
396983 
176825 
398014 
462527 
464579 
35524 
173765 
175817 
176849 
463571 
395987 
172757 
34517 
33496 
174809 
36569 
397019 
462563 
398051 
464615 
173801 
35561 
175853 
37613 
176884 
463607 
396023 
172793 
34553 
33532 
174845 
36605 
397055 
398087 
464651 
176909 
173837 
35597 
399118 
175889 
37649 
463643 
396059 
172829 
34589 
174881 
36641 
397091 
176933 
398123 
33580 
464687 
173873 
35633 
399155 
175925 
37685 
174905 
176957 
172865 
34625 
36677 
397127 
398159 
33617 
464723 
176981 
173909 
35669 
399191 
175961 
37721 
459611 
400222 
172901 
34661 
174952 
36713 
397163 
177005 
398195 
33653 
173945 
35705 
399227 
175997 
459647 
400259 
177029 
172937 
34697 
174989 
36749 
460691 
398231 
33689 
177053 
173981 
35741 
399263 
176033 
172961 
37793 
459683 
36773 
400295 
34733 
401326 
175025 
177077 
460727 
398267 
33725 
174017 
35777 
399299 
176069 
37829 
459719 
461771 
400331 
177101 
173008 
34769 
401363 
36820 
175061 
32727 
460763 
33761 
177125 
174053 
35813 
399335 
176105 
37865 
459755 
461807 
400367 
173045 
34805 
395254 
401399 
175097 
36857 
177149 
460799 
)

// ************************************************************************* //
