/*--------------------------------*- C++ -*----------------------------------*\
  =========                 |
  \\      /  F ield         | OpenFOAM: The Open Source CFD Toolbox
   \\    /   O peration     | Website:  https://openfoam.org
    \\  /    A nd           | Version:  13
     \\/     M anipulation  |
\*---------------------------------------------------------------------------*/
FoamFile
{
    format      ascii;
    class       faceSet;
    location    "constant/polyMesh/sets";
    object      wingFaceSet2;
}
// * * * * * * * * * * * * * * * * * * * * * * * * * * * * * * * * * * * * * //


467
(
32776 
32824 
32872 
32920 
32968 
33016 
33064 
459071 
33112 
459107 
459143 
33160 
459179 
33208 
459215 
33256 
459251 
459287 
33304 
459323 
33352 
33400 
33448 
33496 
33532 
33580 
33617 
459611 
33653 
459647 
33689 
459683 
33725 
459719 
33761 
459755 
33797 
459791 
33833 
459827 
33869 
459863 
33905 
33941 
33977 
34013 
34049 
34085 
34121 
34157 
460151 
34181 
460187 
34228 
460223 
34265 
460259 
34301 
460295 
34337 
460331 
34373 
460367 
34409 
460403 
34445 
34481 
34517 
34553 
34589 
34625 
34661 
34697 
460691 
34733 
460727 
34769 
460763 
34805 
395254 
460799 
34829 
395291 
460835 
34876 
395327 
460871 
34913 
395363 
460907 
34949 
395399 
460943 
34985 
395435 
35021 
395471 
35057 
395507 
35093 
35129 
35165 
35201 
35237 
461231 
35273 
461267 
35309 
461303 
35345 
461339 
395806 
35381 
461375 
395843 
35417 
461411 
395879 
35453 
461447 
395915 
35477 
461483 
395951 
35524 
395987 
35561 
396023 
35597 
396059 
35633 
35669 
35705 
35741 
35777 
461771 
35813 
461807 
35849 
461843 
35885 
461879 
396358 
35921 
461915 
396395 
35957 
461951 
396431 
35993 
461987 
396467 
36029 
462023 
396503 
36065 
396539 
36101 
36125 
396575 
396611 
36172 
36209 
36245 
36281 
36317 
462311 
36353 
462347 
36389 
462383 
36425 
462419 
36461 
396910 
462455 
36497 
396947 
462491 
36533 
396983 
462527 
36569 
397019 
462563 
36605 
397055 
36641 
397091 
36677 
397127 
36713 
397163 
36749 
36773 
36820 
36857 
462851 
36893 
462887 
36929 
462923 
36965 
462959 
37001 
462995 
397462 
37037 
463031 
397499 
37073 
463067 
397535 
37109 
397571 
37145 
397607 
37181 
397643 
37217 
397679 
37253 
397715 
37289 
37325 
37361 
37397 
463391 
37421 
463427 
37468 
463463 
463499 
37541 
463535 
398014 
463571 
398051 
37613 
463607 
398087 
37649 
463643 
398123 
37685 
398159 
37721 
398195 
398231 
37793 
398267 
37829 
37865 
37901 
463931 
37973 
463967 
38009 
464003 
38045 
464039 
38069 
464075 
398566 
464111 
398603 
464147 
398639 
464183 
398675 
398711 
398747 
398783 
464471 
464507 
464543 
464579 
464615 
464651 
399118 
464687 
399155 
464723 
399191 
399227 
399263 
399299 
399335 
399371 
464999 
465023 
465047 
465071 
465095 
465119 
465143 
399670 
399707 
399743 
399779 
399815 
399851 
399887 
399923 
400222 
400259 
400295 
400331 
400367 
400403 
400439 
400475 
400774 
400811 
400847 
400883 
400919 
400955 
400991 
401027 
401326 
401363 
401399 
401435 
401471 
401507 
401543 
401579 
172360 
172577 
172649 
172685 
172721 
172757 
172793 
172829 
172865 
172901 
172937 
172961 
173008 
173045 
173081 
173117 
173153 
173189 
173225 
173261 
173297 
173333 
173369 
173405 
173441 
173477 
173513 
173549 
173585 
173609 
173656 
173693 
173729 
173765 
173801 
173837 
173873 
173909 
173945 
173981 
174017 
174053 
174089 
174125 
174161 
174197 
174233 
174257 
174304 
174341 
174377 
174413 
174449 
174485 
174521 
174557 
174593 
174629 
174665 
174701 
174737 
174773 
174809 
174845 
174881 
174905 
174952 
174989 
175025 
175061 
175097 
175133 
175169 
175205 
175241 
175277 
175313 
175349 
175385 
175421 
175457 
175493 
175529 
175553 
175600 
175637 
175673 
175709 
175745 
175781 
175817 
175853 
175889 
175925 
175961 
175997 
176033 
176069 
176105 
176141 
176177 
176201 
176248 
176285 
176321 
176357 
176393 
176429 
176465 
176501 
176537 
176573 
176609 
176645 
176681 
176717 
176753 
176789 
176825 
176849 
176884 
176909 
176933 
176957 
176981 
177005 
177029 
177053 
177077 
177101 
177125 
177149 
177173 
177197 
177221 
177245 
177269 
177281 
32727 
)

// ************************************************************************* //
