/*--------------------------------*- C++ -*----------------------------------*\
  =========                 |
  \\      /  F ield         | OpenFOAM: The Open Source CFD Toolbox
   \\    /   O peration     | Website:  https://openfoam.org
    \\  /    A nd           | Version:  13
     \\/     M anipulation  |
\*---------------------------------------------------------------------------*/
FoamFile
{
    format      ascii;
    class       faceSet;
    location    "constant/polyMesh/sets";
    object      wingFaceSet;
}
// * * * * * * * * * * * * * * * * * * * * * * * * * * * * * * * * * * * * * //


480
(
151553 
472067 
223235 
222215 
224267 
150545 
477203 
152597 
476183 
151577 
475163 
474143 
149537 
473123 
221219 
148516 
220198 
472103 
223271 
222251 
317486 
224303 
317489 
317492 
150581 
477239 
317495 
152633 
317498 
476219 
317501 
475199 
317504 
474179 
317507 
149573 
317510 
473159 
221255 
151624 
317513 
472139 
223307 
220235 
317516 
317518 
222287 
224339 
148564 
150617 
477275 
152669 
476255 
475235 
472163 
474215 
149609 
473195 
221291 
151661 
223343 
220271 
222323 
224375 
150653 
477311 
152705 
149633 
476291 
473219 
148612 
475271 
474251 
221327 
151697 
223379 
220307 
222359 
224411 
319645 
319648 
150689 
477347 
474275 
319651 
152741 
319654 
476327 
319657 
475307 
319660 
319663 
149680 
319666 
221363 
148660 
319669 
151733 
223415 
220343 
319672 
319675 
222395 
319677 
224447 
475331 
150725 
477383 
152777 
476363 
316622 
316625 
316628 
149717 
316631 
221399 
151769 
316634 
223451 
220379 
316637 
222431 
316640 
476387 
316643 
224483 
148708 
316646 
316649 
150761 
477419 
316652 
152813 
316654 
149753 
221435 
151805 
220415 
477443 
222467 
224519 
223498 
150797 
152849 
148756 
149789 
221471 
151841 
220451 
222503 
152873 
224555 
223535 
150833 
318782 
318785 
149825 
318788 
148804 
151877 
318791 
220487 
318794 
222539 
318797 
221518 
224591 
318800 
318803 
223571 
150869 
318806 
152920 
318809 
318812 
318814 
149861 
151913 
220523 
222575 
224627 
221555 
148852 
223607 
150905 
152957 
472451 
149897 
151949 
220559 
150929 
222611 
224663 
221591 
223643 
152993 
473507 
148900 
472487 
149933 
151985 
220595 
222647 
224699 
221627 
223679 
150976 
477635 
474563 
153029 
473543 
472523 
149969 
148948 
152021 
220631 
477659 
222683 
317918 
224735 
221663 
317921 
475619 
223715 
317924 
151013 
474599 
317927 
153065 
317930 
473579 
317933 
472559 
317936 
477683 
317939 
150005 
317942 
148984 
317945 
152057 
220667 
317948 
317950 
222719 
476675 
224771 
221699 
475655 
223751 
151049 
477707 
474635 
153101 
473615 
472595 
150041 
152093 
220703 
477731 
222755 
224806 
476711 
221735 
149032 
475691 
223787 
151085 
474671 
153137 
473651 
472631 
477755 
150077 
224831 
152129 
220739 
222791 
476747 
221771 
149069 
475727 
223823 
151121 
477779 
474707 
153173 
473687 
224855 
472667 
477791 
150113 
152165 
220775 
476783 
224879 
221807 
149105 
475763 
472691 
223859 
151157 
222838 
474743 
153209 
473723 
317054 
317057 
317060 
150149 
317063 
224903 
152201 
317066 
220811 
317069 
317072 
476819 
473747 
317075 
221843 
149141 
317078 
475799 
223895 
317081 
151193 
474779 
222875 
317084 
153245 
317086 
224927 
152225 
150185 
474803 
476855 
224951 
221879 
149177 
220858 
475835 
223931 
151229 
222911 
153281 
150221 
224975 
152272 
475859 
148179 
476891 
221915 
149213 
223967 
220895 
151265 
222947 
153317 
224999 
319214 
319217 
150257 
476915 
319220 
152309 
319223 
319226 
319229 
225023 
221951 
319232 
149249 
319235 
224003 
220931 
148228 
151301 
319238 
222983 
319241 
153353 
150281 
319244 
319246 
225047 
152345 
221987 
149285 
224039 
220967 
151337 
223019 
153389 
225071 
148276 
150328 
152381 
225095 
222023 
149321 
224075 
221003 
151373 
223055 
153425 
150365 
225119 
152417 
148324 
222059 
149357 
224111 
221039 
151409 
471923 
223091 
153461 
225143 
150401 
152453 
318350 
225167 
222095 
318353 
149393 
472979 
221075 
318356 
148372 
151445 
471959 
318359 
223127 
153497 
318362 
318365 
224158 
318368 
318371 
150437 
318374 
225191 
318377 
152489 
318380 
318382 
153521 
474035 
222131 
149429 
473015 
221111 
151481 
471995 
223163 
225215 
224195 
148420 
150473 
152525 
475091 
474071 
149465 
473051 
221147 
151517 
472031 
223199 
222178 
224231 
150509 
152561 
476147 
148468 
475127 
474107 
149501 
473087 
221183 
)

// ************************************************************************* //
