/*--------------------------------*- C++ -*----------------------------------*\
| =========                 |                                                 |
| \\      /  F ield         | OpenFOAM: The Open Source CFD Toolbox           |
|  \\    /   O peration     | Version:  2512                                  |
|   \\  /    A nd           | Website:  www.openfoam.com                      |
|    \\/     M anipulation  |                                                 |
\*---------------------------------------------------------------------------*/
FoamFile
{
    version     2.0;
    format      ascii;
    arch        "LSB;label=32;scalar=64";
    class       faceSet;
    location    "constant/polyMesh/sets";
    object      circFaces2;
}
// * * * * * * * * * * * * * * * * * * * * * * * * * * * * * * * * * * * * * //


2340
(
270452
270455
270458
270461
270464
270467
270470
270473
270476
270479
270482
270485
270488
270491
270494
310769
310814
310859
310904
310949
310994
311039
311084
311129
311174
311219
311264
311309
311354
311384
60079
60084
60089
60094
60099
60104
60109
60114
60119
60124
60129
60134
60139
60144
60149
468690
468691
468692
468693
468694
468695
468696
468697
468698
468699
468700
468701
468702
468703
468704
468705
468706
468707
468708
468709
468710
468711
468712
468713
468714
468715
468716
468717
468718
468719
468720
468721
468722
468723
468724
468725
468726
468727
468728
468729
468730
468731
468732
468733
468734
468735
468736
468737
468738
468739
468740
468741
468742
468743
468744
468745
468746
468747
468748
468749
468750
468751
468752
468753
468754
468755
468756
468757
468758
468759
468760
468761
468762
468763
468764
468765
468766
468767
468768
468769
468770
468771
468772
468773
468774
468775
468776
468777
468778
468779
468780
468781
468782
468783
468784
468785
468786
468787
468788
468789
468790
468791
468792
468793
468794
468795
468796
468797
468798
468799
468800
468801
468802
468803
468804
468805
468806
468807
468808
468809
468810
468811
468812
468813
468814
468815
468816
468817
468818
468819
468820
468821
468822
468823
468824
468825
468826
468827
468828
468829
468830
468831
468832
468833
468834
468835
468836
468837
468838
468839
468840
468841
468842
468843
468844
468845
468846
468847
468848
468849
468850
468851
468852
468853
468854
468855
468856
468857
468858
468859
468860
468861
468862
468863
468864
468865
468866
468867
468868
468869
468870
468871
468872
468873
468874
468875
468876
468877
468878
468879
468880
468881
468882
468883
468884
468885
468886
468887
468888
468889
468890
468891
468892
468893
468894
468895
468896
468897
468898
468899
468900
468901
468902
468903
468904
468905
468906
468907
468908
468909
468910
468911
468912
468913
468914
468915
468916
468917
468918
468919
468920
468921
468922
468923
468924
468925
468926
468927
468928
468929
468930
468931
468932
468933
468934
468935
468936
468937
468938
468939
468940
468941
468942
468943
468944
468945
468946
468947
468948
468949
468950
468951
468952
468953
468954
468955
468956
468957
468958
468959
468960
468961
468962
468963
468964
468965
468966
468967
468968
468969
468970
468971
468972
468973
468974
468975
468976
468977
468978
468979
468980
468981
468982
468983
468984
468985
468986
468987
468988
468989
468990
468991
468992
468993
468994
468995
468996
468997
468998
468999
469000
469001
469002
469003
469004
469005
469006
469007
469008
469009
469010
469011
469012
469013
469014
469015
469016
469017
469018
469019
469020
469021
469022
469023
469024
469025
469026
469027
469028
469029
469030
469031
469032
469033
469034
469035
469036
469037
469038
469039
469040
469041
469042
469043
469044
469045
469046
469047
469048
469049
469050
469051
469052
469053
469054
469055
469056
469057
469058
469059
469060
469061
469062
469063
469064
469065
469066
469067
469068
469069
469070
469071
469072
469073
469074
469075
469076
469077
469078
469079
469080
469081
469082
469083
469084
469085
469086
469087
469088
469089
469090
469091
469092
469093
469094
469095
469096
469097
469098
469099
469100
469101
469102
469103
469104
469105
469106
469107
469108
469109
469110
469111
469112
469113
469114
469115
469116
469117
469118
469119
469120
469121
469122
469123
469124
469125
469126
469127
469128
469129
469130
469131
469132
469133
469134
469135
469136
469137
469138
469139
469140
469141
469142
469143
469144
469145
469146
469147
469148
469149
469150
469151
469152
469153
469154
469155
469156
469157
469158
469159
469160
469161
469162
469163
469164
469165
469166
469167
469168
469169
469170
469171
469172
469173
469174
469175
469176
469177
469178
469179
469180
469181
469182
469183
469184
469185
469186
469187
469188
469189
469190
469191
469192
469193
469194
469195
469196
469197
469198
469199
469200
469201
469202
469203
469204
469205
469206
469207
469208
469209
469210
469211
469212
469213
469214
469215
469216
469217
469218
469219
469220
469221
469222
469223
469224
469225
469226
469227
469228
469229
469230
469231
469232
469233
469234
469235
469236
469237
469238
469239
469240
469241
469242
469243
469244
469245
469246
469247
469248
469249
469250
469251
469252
469253
469254
469255
469256
469257
469258
469259
469260
469261
469262
469263
469264
469265
469266
469267
469268
469269
469270
469271
469272
469273
469274
469275
469276
469277
469278
469279
469280
469281
469282
469283
469284
469285
469286
469287
469288
469289
469290
469291
469292
469293
469294
469295
469296
469297
469298
469299
469300
469301
469302
469303
469304
469305
469306
469307
469308
469309
469310
469311
469312
469313
469314
469315
469316
469317
469318
469319
469320
469321
469322
469323
469324
469325
469326
469327
469328
469329
469330
469331
469332
469333
469334
469335
469336
469337
469338
469339
469340
469341
469342
469343
469344
469345
469346
469347
469348
469349
735466
735467
735468
735469
735470
735471
735472
735473
735474
735475
735476
735477
735478
735479
735480
735481
735482
735483
735484
735485
735486
735487
735488
735489
735490
735491
735492
735493
735494
736111
736112
736113
736114
736115
736116
736117
736118
736119
736120
736121
736122
736123
736124
736125
736126
736127
736128
736129
736130
736131
736132
736133
736134
736135
736136
736137
736138
736139
736756
736757
736758
736759
736760
736761
736762
736763
736764
736765
736766
736767
736768
736769
736770
736771
736772
736773
736774
736775
736776
736777
736778
736779
736780
736781
736782
736783
736784
737401
737402
737403
737404
737405
737406
737407
737408
737409
737410
737411
737412
737413
737414
737415
737416
737417
737418
737419
737420
737421
737422
737423
737424
737425
737426
737427
737428
737429
738046
738047
738048
738049
738050
738051
738052
738053
738054
738055
738056
738057
738058
738059
738060
738061
738062
738063
738064
738065
738066
738067
738068
738069
738070
738071
738072
738073
738074
738691
738692
738693
738694
738695
738696
738697
738698
738699
738700
738701
738702
738703
738704
738705
738706
738707
738708
738709
738710
738711
738712
738713
738714
738715
738716
738717
738718
738719
739336
739337
739338
739339
739340
739341
739342
739343
739344
739345
739346
739347
739348
739349
739350
739351
739352
739353
739354
739355
739356
739357
739358
739359
739360
739361
739362
739363
739364
739981
739982
739983
739984
739985
739986
739987
739988
739989
739990
739991
739992
739993
739994
739995
739996
739997
739998
739999
740000
740001
740002
740003
740004
740005
740006
740007
740008
740009
740626
740627
740628
740629
740630
740631
740632
740633
740634
740635
740636
740637
740638
740639
740640
740641
740642
740643
740644
740645
740646
740647
740648
740649
740650
740651
740652
740653
740654
741271
741272
741273
741274
741275
741276
741277
741278
741279
741280
741281
741282
741283
741284
741285
741286
741287
741288
741289
741290
741291
741292
741293
741294
741295
741296
741297
741298
741299
741916
741917
741918
741919
741920
741921
741922
741923
741924
741925
741926
741927
741928
741929
741930
741931
741932
741933
741934
741935
741936
741937
741938
741939
741940
741941
741942
741943
741944
742561
742562
742563
742564
742565
742566
742567
742568
742569
742570
742571
742572
742573
742574
742575
742576
742577
742578
742579
742580
742581
742582
742583
742584
742585
742586
742587
742588
742589
743206
743207
743208
743209
743210
743211
743212
743213
743214
743215
743216
743217
743218
743219
743220
743221
743222
743223
743224
743225
743226
743227
743228
743229
743230
743231
743232
743233
743234
743851
743852
743853
743854
743855
743856
743857
743858
743859
743860
743861
743862
743863
743864
743865
743866
743867
743868
743869
743870
743871
743872
743873
743874
743875
743876
743877
743878
743879
744286
744287
744288
744289
744290
744291
744292
744293
744294
744295
744296
744297
744298
744299
488700
488702
488703
488704
488706
488707
488708
488710
488711
488712
488714
488715
488716
488718
488719
488720
488722
488723
488724
488726
488727
488728
488730
488731
488732
488734
488735
488736
488738
488739
488740
488742
488743
488744
488746
488747
488748
488750
488751
488752
488754
488755
488757
488758
489360
489362
489363
489364
489366
489367
489368
489370
489371
489372
489374
489375
489376
489378
489379
489380
489382
489383
489384
489386
489387
489388
489390
489391
489392
489394
489395
489396
489398
489399
489400
489402
489403
489404
489406
489407
489408
489410
489411
489412
489414
489415
489417
489418
490020
490022
490023
490024
490026
490027
490028
490030
490031
490032
490034
490035
490036
490038
490039
490040
490042
490043
490044
490046
490047
490048
490050
490051
490052
490054
490055
490056
490058
490059
490060
490062
490063
490064
490066
490067
490068
490070
490071
490072
490074
490075
490077
490078
490680
490682
490683
490684
490686
490687
490688
490690
490691
490692
490694
490695
490696
490698
490699
490700
490702
490703
490704
490706
490707
490708
490710
490711
490712
490714
490715
490716
490718
490719
490720
490722
490723
490724
490726
490727
490728
490730
490731
490732
490734
490735
490737
490738
491340
491342
491343
491344
491346
491347
491348
491350
491351
491352
491354
491355
491356
491358
491359
491360
491362
491363
491364
491366
491367
491368
491370
491371
491372
491374
491375
491376
491378
491379
491380
491382
491383
491384
491386
491387
491388
491390
491391
491392
491394
491395
491397
491398
492000
492002
492003
492004
492006
492007
492008
492010
492011
492012
492014
492015
492016
492018
492019
492020
492022
492023
492024
492026
492027
492028
492030
492031
492032
492034
492035
492036
492038
492039
492040
492042
492043
492044
492046
492047
492048
492050
492051
492052
492054
492055
492057
492058
492660
492662
492663
492664
492666
492667
492668
492670
492671
492672
492674
492675
492676
492678
492679
492680
492682
492683
492684
492686
492687
492688
492690
492691
492692
492694
492695
492696
492698
492699
492700
492702
492703
492704
492706
492707
492708
492710
492711
492712
492714
492715
492717
492718
99959
100004
100049
100094
493320
493322
493323
493324
493326
493327
493328
493330
493331
493332
493334
493335
493336
493338
493339
493340
493342
493343
493344
493346
493347
493348
493350
493351
493352
493354
493355
100139
493356
493358
493359
493360
493362
493363
493364
493366
493367
493368
493370
493371
493372
493374
493375
493377
493378
100184
100229
100274
100319
100364
100409
100454
100499
100544
100574
493980
493982
493983
493984
493986
493987
493988
493990
493991
493992
493994
493995
493996
493998
493999
494000
494002
494003
494004
494006
494007
494008
494010
494011
494012
494014
494015
494016
494018
494019
494020
494022
494023
494024
494026
494027
494028
494030
494031
494032
494034
494035
494037
494038
494640
494642
494643
494644
494646
494647
494648
494650
494651
494652
494654
494655
494656
494658
494659
494660
494662
494663
494664
494666
494667
494668
494670
494671
494672
494674
494675
494676
494678
494679
494680
494682
494683
494684
494686
494687
494688
494690
494691
494692
494694
494695
494697
494698
495300
495302
495303
495304
495306
495307
495308
495310
495311
495312
495314
495315
495316
495318
495319
495320
495322
495323
495324
495326
495327
495328
495330
495331
495332
495334
495335
495336
495338
495339
495340
495342
495343
495344
495346
495347
495348
495350
495351
495352
495354
495355
495357
495358
495960
495962
495963
495964
495966
495967
495968
495970
495971
495972
495974
495975
495976
495978
495979
495980
495982
495983
495984
495986
495987
495988
495990
495991
495992
495994
495995
495996
495998
495999
496000
496002
496003
496004
496006
496007
496008
496010
496011
496012
496014
496015
496017
496018
496620
496622
496623
496624
496626
496627
496628
496630
496631
496632
496634
496635
496636
496638
496639
496640
496642
496643
496644
496646
496647
496648
496650
496651
496652
496654
496655
496656
496658
496659
496660
496662
496663
496664
496666
496667
496668
496670
496671
496672
496674
496675
496677
496678
497280
497282
497283
497284
497286
497287
497288
497290
497291
497292
497294
497295
497296
497298
497299
497300
497302
497303
497304
497306
497307
497308
497310
497311
497312
497314
497315
497316
497318
497319
497320
497322
497323
497324
497326
497327
497328
497330
497331
497332
497334
497335
497337
497338
497940
497942
497943
497945
497946
497948
497949
497951
497952
497954
497955
497957
497958
497960
497961
497963
497964
497966
497967
497969
497970
497972
497973
497975
497976
497978
497979
497981
497983
762495
762496
762497
762498
762499
762500
762501
762502
762503
762504
762505
762506
762507
762508
762509
762510
762511
762512
762513
762514
762515
762516
762517
762518
762519
762520
762521
762522
762523
762524
763650
763665
763680
763695
763710
763725
763740
763755
763770
763785
763800
763815
763830
763845
763860
763861
763862
763863
763864
763865
763866
763867
763868
763869
763870
763871
763872
763873
763874
763875
769950
769951
769952
769953
769954
769955
769956
769957
769958
769959
769960
769961
769962
769963
769964
769965
769966
769967
769968
769969
769970
769971
769972
769973
769974
769975
769976
769977
769978
769979
774014
774029
774044
774059
774074
774089
774104
774119
774134
774149
774164
774179
774194
774209
774434
774435
774436
774437
774438
774439
774440
774441
774442
774443
774444
774445
774446
774447
774448
774449
646875
646876
646878
646879
646881
646882
646884
646885
646887
646888
646890
646891
646893
646894
646896
646897
646899
646900
646902
646903
646905
646906
646908
646909
646911
646912
646914
646915
646917
646919
646920
646922
646923
646925
646926
646928
646929
646931
646932
646934
646935
646937
646938
646940
646941
646943
646944
646946
646947
646949
646950
646952
646953
646955
646956
646958
646959
646961
646963
646964
646966
646967
646969
646970
646972
646973
646975
646976
646978
646979
646981
646982
646984
646985
646987
646988
646990
646991
646993
646994
646996
646997
646999
647000
647002
647003
647005
647007
647008
647010
647011
647013
647014
647016
647017
647019
647020
647022
647023
647025
647026
647028
647029
647031
647032
647034
647035
647037
647038
647040
647041
647043
647044
647046
647047
647049
647051
647052
647054
647055
647057
647058
647060
647061
647063
647064
647066
647067
647069
647070
647072
647073
647075
647076
647078
647079
647081
647082
647084
647085
647087
647088
647090
647091
647093
647095
647096
647098
647099
647101
647102
647104
647105
647107
647108
647110
647111
647113
647114
647116
647117
647119
647120
647122
647123
647125
647126
647128
647129
647131
647132
647134
647135
647137
647139
647140
647142
647143
647145
647146
647148
647149
647151
647152
647154
647155
647157
647158
647160
647161
647163
647164
647166
647167
647169
647170
647172
647173
647175
647176
647178
647179
647181
647183
647184
647186
647187
647189
647190
647192
647193
647195
647196
647198
647199
647201
647202
647204
647205
647207
647208
647210
647211
647213
647214
647216
647217
647219
647220
647222
647223
647225
647227
647228
647230
647231
647233
647234
647236
647237
647239
647240
647242
647243
647245
647246
647248
647249
647251
647252
647254
647255
647257
647258
647260
647261
647263
647264
647266
647267
647269
647271
647272
647274
647275
647277
647278
647280
647281
647283
647284
647286
647287
647289
647290
647292
647293
647295
647296
647298
647299
647301
647302
647304
647305
647307
647308
647310
647311
647313
647315
647316
647318
647319
647321
647322
647324
647325
647327
647328
647330
647331
647333
647334
647336
647337
647339
647340
647342
647343
647345
647346
647348
647349
647351
647352
647354
647355
647357
647359
647360
647362
647363
647365
647366
647368
647369
647371
647372
647374
647375
647377
647378
647380
647381
647383
647384
647386
647387
647389
647390
647392
647393
647395
647396
647398
647399
647401
647403
647404
647406
647407
647409
647410
647412
647413
647415
647416
647418
647419
647421
647422
647424
647425
647427
647428
647430
647431
647433
647434
647436
647437
647439
647440
647442
647443
647445
647447
647448
647450
647451
647453
647454
647456
647457
647459
647460
647462
647463
647465
647466
647468
647469
647471
647472
647474
647475
647477
647478
647480
647481
647483
647484
647486
647487
647489
647491
647493
647494
647496
647497
647499
647500
647502
647503
647505
647506
647508
647509
647511
647512
647514
647515
647517
647518
647520
647521
647523
647524
647526
647527
647529
647530
647532
647534
)


// ************************************************************************* //
