/*--------------------------------*- C++ -*----------------------------------*\
| =========                 |                                                 |
| \\      /  F ield         | OpenFOAM: The Open Source CFD Toolbox           |
|  \\    /   O peration     | Version:  2512                                  |
|   \\  /    A nd           | Website:  www.openfoam.com                      |
|    \\/     M anipulation  |                                                 |
\*---------------------------------------------------------------------------*/
FoamFile
{
    version     2.0;
    format      ascii;
    arch        "LSB;label=32;scalar=64";
    class       faceSet;
    location    "constant/polyMesh/sets";
    object      circularFaceZone_z015;
}
// * * * * * * * * * * * * * * * * * * * * * * * * * * * * * * * * * * * * * //


4380
(
704730
704732
704733
704735
704736
704738
704739
704741
704742
704744
704745
704747
704748
704750
704751
704753
704754
704756
704757
704759
704760
704762
704763
704765
704766
704768
704769
704771
704773
639331
639332
639333
639334
639335
639336
639337
639338
639339
639340
639341
639342
639343
639344
639345
639346
639347
639348
639349
639350
639351
639352
639353
639354
639355
639356
639357
639358
639359
557790
557791
557792
557793
557794
557795
557796
557797
557798
557799
557800
557801
557802
557803
557804
557805
557806
557807
557808
557809
557810
557811
557812
557813
557814
557815
557816
557817
557818
557819
557820
557821
557822
557823
557824
557825
557826
557827
557828
557829
557830
557831
557832
557833
557834
557835
557836
557837
557838
557839
557840
557841
557842
557843
557844
557845
557846
557847
557848
557849
557850
557851
557852
557853
557854
557855
557856
557857
557858
557859
557860
557861
557862
557863
557864
557865
557866
557867
557868
557869
557870
557871
557872
557873
557874
557875
557876
557877
557878
557879
557880
557881
557882
557883
557884
557885
557886
557887
557888
557889
557890
557891
557892
557893
557894
557895
557896
557897
557898
557899
557900
557901
557902
557903
557904
557905
557906
557907
557908
557909
557910
557911
557912
557913
557914
557915
557916
557917
557918
557919
557920
557921
557922
557923
557924
557925
557926
557927
557928
557929
557930
557931
557932
557933
705390
557934
557935
705392
557936
557937
705394
557938
557939
705396
557940
557941
705398
557942
557943
705400
557944
557945
705402
557946
557947
705404
557948
557949
705406
557950
557951
705408
557952
557953
705410
557954
557955
705412
557956
557957
705414
557958
557959
705416
557960
557961
557962
557963
557964
557965
557966
557967
557968
557969
557970
557971
557972
557973
557974
557975
557976
557977
557978
557979
557980
557981
557982
557983
557984
557985
557986
557987
557988
557989
557990
557991
557992
557993
557994
557995
557996
557997
557998
557999
558000
558001
558002
558003
558004
558005
558006
558007
558008
558009
558010
558011
558012
558013
558014
558015
558016
558017
558018
558019
558020
558021
558022
558023
558024
558025
558026
558027
558028
558029
558030
558031
558032
558033
558034
558035
558036
558037
558038
558039
558040
558041
558042
558043
558044
558045
558046
558047
558048
558049
558050
558051
558052
558053
558054
558055
639976
558056
639977
558057
639978
558058
639979
558059
639980
558060
639981
558061
639982
558062
639983
558063
639984
558064
639985
558065
639986
558066
639987
558067
639988
558068
639989
558069
639990
558070
639991
558071
639992
558072
639993
558073
639994
558074
639995
558075
639996
558076
639997
558077
639998
558078
639999
558079
640000
558080
640001
558081
640002
558082
640003
558083
640004
558084
558085
558086
558087
558088
558089
558090
558091
558092
558093
558094
558095
558096
558097
558098
558099
558100
558101
558102
558103
558104
558105
558106
558107
558108
558109
558110
558111
558112
558113
558114
558115
558116
558117
558118
558119
558120
558121
558122
558123
558124
558125
558126
558127
558128
558129
558130
558131
558132
558133
558134
558135
558136
558137
558138
558139
558140
558141
558142
558143
558144
558145
558146
558147
558148
558149
558150
558151
558152
558153
558154
558155
558156
558157
558158
558159
558160
558161
558162
558163
558164
558165
558166
558167
558168
558169
558170
558171
558172
558173
558174
558175
558176
558177
558178
558179
558180
558181
558182
558183
558184
558185
558186
558187
558188
558189
558190
558191
558192
558193
558194
558195
558196
558197
558198
558199
558200
558201
558202
558203
558204
558205
558206
558207
558208
558209
558210
558211
558212
558213
558214
558215
558216
558217
558218
558219
558220
558221
558222
558223
558224
558225
558226
558227
558228
558229
558230
558231
558232
558233
558234
558235
558236
558237
558238
558239
558240
558241
558242
558243
558244
558245
558246
558247
558248
558249
558250
558251
558252
558253
558254
558255
558256
558257
558258
558259
558260
558261
558262
558263
558264
558265
558266
558267
558268
558269
558270
558271
558272
558273
558274
558275
558276
558277
558278
410822
558279
558280
410824
558281
558282
410826
558283
558284
410828
558285
558286
410830
558287
558288
410832
558289
558290
410834
558291
558292
410836
558293
558294
410838
558295
558296
410840
558297
558298
410842
558299
558300
410844
558301
558302
410846
558303
558304
410848
558305
410849
558306
558307
558308
558309
558310
558311
558312
558313
558314
558315
558316
558317
558318
558319
558320
558321
558322
558323
558324
558325
558326
558327
558328
558329
558330
558331
558332
558333
558334
558335
558336
558337
558338
558339
558340
558341
558342
558343
558344
558345
558346
558347
558348
558349
558350
558351
558352
558353
558354
558355
558356
558357
558358
558359
558360
558361
558362
558363
558364
558365
558366
558367
558368
558369
558370
558371
558372
558373
558374
558375
558376
558377
558378
558379
558380
558381
558382
558383
558384
558385
558386
558387
558388
558389
558390
558391
558392
558393
558394
558395
558396
558397
558398
558399
558400
558401
558402
558403
558404
558405
558406
558407
558408
558409
558410
558411
558412
558413
558414
558415
558416
558417
558418
558419
558420
558421
558422
558423
558424
558425
558426
558427
558428
558429
558430
558431
558432
558433
558434
558435
558436
558437
558438
558439
558440
558441
558442
558443
558444
558445
558446
558447
558448
558449
640621
640622
640623
640624
640625
640626
640627
640628
640629
640630
640631
640632
640633
640634
640635
640636
640637
640638
640639
640640
640641
640642
640643
640644
640645
640646
640647
640648
640649
280409
280454
280499
280544
280589
280634
772170
772171
772172
772173
772174
772175
772176
772177
772178
772179
772180
772181
772182
772183
772184
772185
772186
772187
772188
772189
772190
772191
772192
772193
772194
772195
772196
772197
772198
772199
280679
772200
772215
772230
280724
772245
772260
772275
280769
772290
772305
772320
280814
772335
641266
641267
641268
641269
641270
641271
641272
641273
641274
641275
641276
641277
772350
641278
641279
641280
641281
641282
641283
641284
641285
641286
641287
641288
641289
641290
641291
641292
772365
641293
641294
280859
772380
772395
772410
772411
772412
772413
772414
772415
772416
772417
772418
772419
772420
772421
772422
772423
772424
280904
772425
280949
280994
281024
609030
609031
609032
609033
609034
609035
609036
609037
609038
609039
609040
609041
609042
609043
609044
609045
609046
609047
609048
609049
609050
609051
609052
609053
609054
609055
609056
609057
609058
609059
641911
641912
641913
641914
641915
641916
641917
641918
641919
641920
641921
641922
641923
641924
641925
641926
641927
641928
641929
641930
641931
641932
641933
641934
641935
641936
641937
641938
641939
609690
609691
609692
609693
609694
609695
609696
609697
609698
609699
609700
609701
609702
609703
609704
609705
609706
609707
609708
609709
609710
609711
609712
609713
609714
609715
609716
609717
609718
609719
642556
642557
642558
642559
642560
642561
642562
642563
642564
642565
642566
642567
642568
642569
642570
642571
642572
642573
642574
642575
642576
642577
642578
642579
642580
642581
642582
642583
642584
528075
528076
528077
528078
528079
528080
528081
528082
528083
528084
528085
528086
528087
528088
528089
528090
528091
528092
528093
528094
528095
528096
528097
528098
528099
528100
528101
528102
528103
528104
528105
528106
528107
528108
528109
528110
528111
528112
528113
528114
528115
528116
528117
528118
528119
528120
528121
528122
528123
528124
528125
528126
528127
528128
528129
528130
528131
528132
528133
528134
528135
528136
528137
528138
528139
528140
528141
528142
528143
528144
528145
528146
528147
528148
528149
528150
528151
528152
528153
528154
528155
528156
528157
528158
528159
528160
528161
528162
528163
528164
528165
528166
528167
528168
528169
528170
528171
528172
528173
528174
528175
528176
528177
528178
528179
528180
528181
528182
528183
528184
528185
528186
528187
528188
528189
528190
528191
528192
528193
528194
528195
528196
528197
528198
528199
528200
528201
528202
528203
528204
528205
528206
528207
528208
528209
528210
528211
528212
528213
528214
528215
528216
528217
528218
528219
528220
528221
528222
528223
528224
528225
528226
528227
528228
528229
528230
528231
528232
528233
528234
528235
528236
528237
528238
528239
528240
528241
528242
528243
528244
528245
528246
528247
528248
528249
528250
528251
528252
528253
528254
528255
528256
528257
528258
528259
528260
528261
528262
528263
528264
528265
528266
528267
528268
528269
528270
528271
528272
528273
528274
528275
528276
528277
528278
528279
528280
528281
528282
528283
528284
528285
528286
528287
528288
528289
528290
528291
528292
528293
528294
528295
528296
528297
528298
528299
528300
528301
528302
528303
528304
528305
528306
528307
528308
528309
528310
528311
528312
528313
528314
528315
528316
528317
528318
528319
528320
528321
528322
528323
528324
528325
528326
528327
528328
528329
528330
528331
528332
528333
528334
528335
528336
528337
528338
528339
528340
528341
528342
528343
528344
528345
528346
528347
528348
528349
528350
528351
528352
528353
528354
528355
528356
528357
528358
528359
528360
528361
528362
528363
528364
528365
528366
528367
528368
528369
528370
528371
528372
528373
528374
528375
528376
528377
528378
528379
528380
528381
528382
528383
528384
528385
528386
528387
528388
528389
528390
528391
528392
528393
528394
528395
528396
528397
528398
528399
528400
528401
528402
528403
528404
528405
528406
528407
528408
528409
528410
528411
528412
528413
528414
528415
528416
528417
528418
528419
528420
528421
528422
528423
528424
528425
528426
528427
528428
528429
610350
528430
610351
528431
610352
528432
610353
528433
610354
528434
610355
528435
610356
528436
610357
528437
610358
528438
610359
528439
610360
528440
610361
528441
610362
528442
610363
528443
610364
528444
610365
528445
610366
528446
610367
528447
610368
528448
610369
528449
610370
528450
610371
528451
610372
528452
610373
528453
610374
528454
610375
528455
610376
528456
610377
528457
610378
528458
610379
528459
528460
528461
528462
528463
528464
528465
528466
528467
528468
528469
528470
528471
528472
528473
528474
528475
528476
528477
528478
528479
528480
528481
528482
528483
528484
528485
528486
528487
528488
528489
528490
528491
528492
528493
528494
528495
528496
528497
528498
528499
528500
528501
528502
528503
528504
528505
528506
528507
528508
528509
528510
528511
528512
643201
528513
643202
528514
643203
528515
643204
528516
643205
528517
643206
528518
643207
528519
643208
528520
643209
528521
643210
528522
643211
528523
643212
528524
643213
528525
643214
528526
643215
528527
643216
528528
643217
528529
643218
528530
643219
528531
643220
528532
643221
528533
643222
528534
643223
528535
643224
528536
643225
528537
643226
528538
643227
528539
643228
528540
643229
528541
528542
528543
528544
528545
528546
528547
528548
528549
528550
528551
528552
528553
528554
528555
528556
528557
528558
528559
528560
528561
528562
528563
528564
528565
528566
528567
528568
528569
528570
528571
528572
528573
528574
528575
528576
528577
528578
528579
528580
528581
528582
528583
528584
528585
528586
528587
528588
528589
528590
528591
528592
528593
528594
528595
528596
528597
528598
528599
528600
528601
528602
528603
528604
528605
528606
528607
528608
528609
528610
528611
528612
528613
528614
528615
528616
528617
528618
528619
528620
528621
528622
528623
528624
528625
528626
528627
528628
528629
528630
528631
528632
528633
528634
528635
528636
528637
528638
528639
528640
528641
528642
528643
528644
528645
528646
528647
528648
528649
528650
528651
528652
528653
528654
528655
528656
528657
528658
528659
528660
528661
528662
528663
528664
528665
528666
528667
528668
528669
528670
528671
528672
528673
528674
528675
528676
528677
528678
528679
528680
528681
528682
528683
528684
528685
528686
528687
528688
528689
528690
528691
528692
528693
528694
528695
528696
528697
528698
528699
528700
528701
528702
528703
528704
528705
528706
528707
528708
528709
528710
528711
528712
528713
528714
528715
528716
528717
528718
528719
528720
528721
528722
528723
528724
528725
528726
528727
528728
528729
528730
528731
528732
528733
528734
528735
528736
528737
528738
528739
528740
528741
528742
528743
528744
528745
528746
528747
528748
528749
611010
611011
611012
611013
611014
611015
611016
611017
611018
611019
611020
611021
611022
611023
611024
611025
611026
611027
611028
611029
611030
611031
611032
611033
611034
611035
611036
611037
611038
611039
643846
643847
643848
643849
643850
643851
643852
643853
643854
643855
643856
643857
643858
643859
643860
643861
643862
643863
643864
643865
643866
643867
643868
643869
643870
643871
643872
643873
643874
611670
611671
611672
611673
611674
611675
611676
611677
611678
611679
611680
611681
611682
611683
611684
611685
611686
611687
611688
611689
611690
611691
611692
611693
611694
611695
611696
611697
611698
611699
644491
644492
644493
644494
644495
644496
644497
644498
644499
644500
644501
644502
644503
644504
644505
644506
644507
644508
644509
644510
644511
644512
644513
644514
644515
644516
644517
644518
644519
612330
612331
612332
612333
612334
612335
612336
612337
612338
612339
612340
612341
612342
612343
612344
612345
612346
612347
612348
612349
612350
612351
612352
612353
612354
612355
612356
612357
612358
612359
645136
645137
645138
645139
645140
645141
645142
645143
645144
645145
645146
645147
645148
645149
645150
645151
645152
645153
645154
645155
645156
645157
645158
645159
645160
645161
645162
645163
645164
350762
350765
350768
350771
350774
350777
350780
350783
350786
350789
350792
350795
350798
350801
350804
612990
612991
612992
612993
612994
612995
612996
612997
612998
612999
613000
613001
613002
613003
613004
613005
613006
613007
613008
613009
613010
613011
613012
645781
613013
645782
613014
645783
613015
645784
613016
645785
613017
645786
613018
645787
613019
645788
645789
645790
645791
645792
645793
645794
645795
645796
645797
645798
645799
645800
645801
645802
645803
645804
645805
645806
645807
645808
645809
220279
220284
220289
220294
220299
220304
220309
220314
220319
220324
220329
220334
220339
220344
220349
613650
613651
613652
613653
613654
613655
613656
613657
646426
613658
646427
613659
646428
613660
646429
613661
646430
613662
646431
613663
646432
613664
646433
613665
646434
613666
646435
613667
646436
613668
646437
613669
646438
613670
646439
613671
646440
613672
646441
613673
646442
613674
646443
613675
646444
613676
646445
613677
646446
613678
646447
613679
646448
646449
646450
646451
646452
646453
646454
695715
695716
695717
695718
695719
695720
695721
695722
695723
695724
695725
695726
695727
695728
695729
695730
695731
695732
695733
695734
695735
695736
695737
695738
695739
695740
695741
695742
695743
695744
695745
695746
695747
695748
695749
695750
695751
695752
695753
695754
695755
695756
695757
695758
695759
695760
695761
695762
695763
695764
695765
695766
695767
695768
695769
695770
695771
695772
695773
695774
695775
695776
695777
695778
695779
695780
695781
695782
695783
695784
695785
695786
695787
695788
695789
695790
695791
695792
695793
695794
695795
695796
695797
695798
695799
695800
695801
695802
695803
695804
695805
695806
695807
695808
695809
695810
695811
695812
695813
695814
695815
695816
695817
695818
695819
695820
695821
695822
695823
695824
695825
695826
695827
695828
695829
695830
695831
695832
695833
695834
695835
695836
695837
695838
695839
695840
695841
695842
695843
695844
695845
695846
695847
695848
695849
695850
695851
695852
695853
695854
695855
695856
695857
695858
695859
695860
695861
695862
695863
695864
695865
695866
695867
695868
695869
695870
695871
695872
695873
695874
695875
695876
695877
695878
695879
695880
695881
695882
695883
695884
695885
695886
695887
695888
695889
695890
695891
695892
695893
695894
695895
695896
695897
695898
695899
695900
695901
695902
695903
695904
695905
695906
695907
695908
695909
695910
695911
695912
695913
695914
695915
695916
695917
695918
695919
695920
695921
695922
695923
695924
695925
695926
695927
695928
695929
695930
695931
695932
695933
695934
695935
695936
695937
695938
695939
695940
695941
695942
695943
695944
695945
695946
695947
695948
695949
695950
695951
695952
695953
695954
695955
695956
695957
695958
695959
695960
695961
695962
695963
695964
695965
695966
695967
695968
695969
695970
695971
695972
695973
695974
695975
695976
695977
695978
695979
695980
695981
695982
695983
695984
695985
695986
695987
695988
695989
695990
695991
695992
695993
695994
695995
695996
695997
695998
695999
696000
696001
696002
696003
696004
696005
696006
696007
696008
696009
696010
696011
696012
696013
646861
696014
646862
696015
646863
696016
646864
696017
646865
696018
646866
696019
646867
696020
646868
696021
646869
696022
646870
696023
646871
696024
646872
696025
646873
696026
646874
696027
696028
696029
696030
696031
696032
696033
696034
696035
696036
696037
696038
696039
696040
696041
696042
696043
696044
696045
696046
696047
696048
696049
696050
696051
696052
696053
696054
696055
696056
696057
696058
696059
696060
696061
696062
696063
696064
696065
696066
696067
696068
696069
696070
696071
696072
696073
696074
696075
696076
696077
696078
696079
696080
696081
696082
696083
696084
696085
696086
696087
696088
696089
696090
696091
696092
696093
696094
696095
696096
696097
696098
696099
696100
696101
696102
696103
696104
696105
696106
696107
696108
696109
696110
696111
696112
696113
696114
696115
696116
696117
696118
696119
696120
696121
696122
696123
696124
696125
696126
696127
696128
696129
696130
696131
696132
696133
696134
696135
696136
696137
696138
696139
696140
696141
696142
696143
696144
696145
696146
696147
696148
696149
696150
696152
696153
696155
696156
696158
696159
696161
696162
696164
696165
696167
696168
696170
696171
696173
696174
696176
696177
696179
696180
696182
696183
696185
696186
696188
696189
696191
696193
614310
614311
614312
614313
614314
614315
614316
614317
614318
614319
614320
614321
614322
614323
614324
614325
614326
614327
614328
614329
614330
614331
614332
614333
614334
614335
614336
614337
614338
614339
696810
696812
696813
696815
696816
696818
696819
696821
696822
696824
696825
696827
696828
696830
696831
696833
696834
696836
696837
696839
696840
696842
696843
696845
696846
696848
696849
696851
696853
614970
614971
614972
614973
614974
614975
614976
614977
614978
614979
614980
614981
614982
614983
614984
614985
614986
614987
614988
614989
614990
614991
614992
614993
614994
614995
614996
614997
614998
614999
697470
697472
697473
697475
697476
697478
697479
697481
697482
697484
697485
697487
697488
697490
697491
697493
697494
697496
697497
697499
697500
697502
697503
697505
697506
697508
697509
697511
697513
615630
615631
615632
615633
615634
615635
615636
615637
615638
615639
615640
615641
615642
615643
615644
615645
615646
615647
615648
615649
615650
615651
615652
615653
615654
615655
615656
615657
615658
615659
698130
698132
698133
698135
698136
698138
698139
698141
698142
698144
698145
698147
698148
698150
698151
698153
698154
698156
698157
698159
698160
698162
698163
698165
698166
698168
698169
698171
698173
616290
616291
616292
616293
616294
616295
616296
616297
616298
616299
616300
616301
616302
616303
616304
616305
616306
616307
616308
616309
616310
616311
616312
616313
616314
616315
616316
616317
616318
616319
698790
698792
698793
698795
698796
698798
698799
698801
698802
698804
698805
698807
698808
698810
698811
698813
698814
698816
698817
698819
698820
698822
698823
698825
698826
698828
698829
698831
698833
616950
616951
616952
616953
616954
616955
616956
616957
616958
616959
616960
616961
616962
616963
616964
616965
616966
616967
616968
616969
616970
616971
616972
616973
616974
616975
616976
616977
616978
616979
764985
764986
699450
764987
764988
699452
764989
699453
764990
764991
699455
764992
699456
764993
764994
699458
764995
699459
764996
764997
699461
764998
699462
764999
699464
699465
699467
699468
699470
699471
699473
699474
699476
699477
699479
699480
699482
699483
699485
699486
699488
699489
699491
699493
617610
617611
617612
617613
617614
617615
617616
617617
617618
617619
617620
617621
617622
617623
617624
617625
617626
617627
617628
617629
617630
617631
617632
617633
617634
617635
617636
617637
617638
617639
618060
618061
618062
618063
618064
618065
618066
618067
618068
618069
618070
618071
618072
618073
618074
700110
700112
700113
700115
700116
700118
700119
700121
700122
700124
700125
700127
700128
700130
700131
700133
700134
700136
700137
700139
700140
700142
700143
700145
700146
700148
700149
700151
700153
765885
765886
765887
765888
765889
765890
765891
765892
765893
765894
765895
765896
765897
765898
765899
700770
700772
700773
700775
700776
700778
700779
700781
700782
700784
700785
700787
700788
700790
700791
700793
700794
700796
700797
700799
700800
700802
700803
700805
700806
700808
700809
700811
700813
766785
766786
766787
766788
766789
766790
766791
766792
766793
766794
766795
766796
766797
766798
766799
766800
766801
766802
766803
766804
766805
766806
766807
766808
766809
766810
766811
766812
766813
766814
766815
766816
766817
766818
766819
766820
766821
766822
766823
766824
766825
766826
766827
766828
766829
766830
766831
766832
766833
766834
766835
766836
766837
766838
766839
766840
766841
766842
766843
766844
766845
766846
766847
766848
766849
766850
766851
766852
766853
766854
766855
766856
766857
766858
766859
766860
766861
766862
766863
766864
766865
766866
766867
766868
766869
766870
766871
766872
766873
766874
766875
766876
766877
766878
766879
766880
766881
766882
766883
766884
766885
766886
766887
766888
766889
766890
766891
766892
766893
766894
766895
766896
766897
766898
766899
766900
766901
766902
766903
766904
766905
766906
766907
766908
766909
766910
766911
766912
766913
766914
766915
766916
766917
766918
766919
766920
766921
766922
766923
766924
766925
766926
766927
766928
766929
766930
766931
766932
766933
766934
766935
766936
766937
766938
766939
766940
766941
766942
766943
766944
766945
766946
766947
766948
766949
766950
766951
766952
766953
766954
766955
766956
766957
766958
766959
766960
766961
766962
766963
766964
766965
766966
701430
766967
766968
701432
766969
701433
766970
766971
701435
766972
701436
766973
766974
701438
766975
701439
766976
766977
701441
766978
701442
766979
766980
701444
766981
701445
766982
766983
701447
766984
701448
766985
766986
701450
766987
701451
766988
766989
701453
766990
701454
766991
766992
701456
766993
701457
766994
766995
701459
766996
701460
766997
766998
701462
766999
701463
767000
767001
701465
767002
701466
767003
767004
701468
767005
701469
767006
767007
701471
767008
767009
701473
767010
767011
767012
767013
767014
767015
767016
767017
767018
767019
767020
767021
767022
767023
767024
702090
702092
702093
702095
702096
702098
702099
702101
702102
702104
702105
702107
702108
702110
702111
702113
702114
702116
702117
702119
702120
702122
702123
702125
702126
702128
702129
702131
702133
767910
767911
767912
767913
767914
767915
767916
767917
767918
767919
767920
767921
767922
767923
767924
767925
767926
767927
767928
767929
767930
767931
767932
767933
767934
767935
767936
767937
767938
767939
767940
767941
767942
767943
767944
767945
767946
767947
767948
767949
767950
767951
767952
767953
767954
767955
767956
767957
767958
767959
767960
767961
767962
767963
767964
767965
767966
767967
767968
767969
767970
767971
767972
767973
767974
767975
767976
767977
767978
767979
767980
767981
767982
767983
767984
767985
767986
767987
767988
767989
767990
767991
767992
767993
767994
767995
767996
767997
767998
767999
768000
768001
768002
768003
768004
768005
768006
768007
768008
768009
768010
768011
768012
768013
768014
768015
768016
768017
768018
768019
768020
768021
768022
768023
768024
768025
768026
768027
768028
768029
768030
768031
768032
768033
768034
768035
768036
768037
768038
768039
768040
768041
768042
768043
768044
768045
768046
768047
768048
768049
768050
768051
768052
768053
768054
768055
768056
768057
768058
768059
768060
768061
768062
768063
768064
768065
768066
768067
768068
768069
768070
768071
768072
768073
768074
768075
768076
768077
768078
768079
768080
768081
768082
768083
768084
768085
768086
768087
768088
768089
768090
768091
768092
768093
768094
768095
768096
768097
768098
768099
768100
768101
768102
768103
768104
768105
768106
768107
768108
768109
768110
768111
768112
768113
768114
768115
768116
768117
768118
768119
768120
768121
768122
768123
768124
768125
768126
768127
768128
768129
768130
768131
768132
768133
768134
768135
768136
768137
768138
768139
768140
768141
768142
768143
768144
768145
768146
768147
768148
768149
702750
702752
702753
702755
702756
702758
702759
702761
702762
702764
702765
702767
702768
702770
702771
702773
702774
702776
702777
702779
702780
702782
702783
702785
702786
702788
702789
702791
702793
588150
588151
588152
588153
588154
588155
588156
588157
588158
588159
588160
588161
588162
588163
588164
588165
588166
588167
588168
588169
588170
588171
588172
588173
588174
588175
588176
588177
588178
588179
588180
588181
588182
588183
588184
588185
588186
588187
588188
588189
588190
588191
588192
588193
588194
588195
588196
588197
588198
588199
588200
588201
588202
588203
588204
588205
588206
588207
588208
588209
588210
588211
588212
588213
588214
588215
588216
588217
588218
588219
588220
588221
588222
588223
588224
588225
588226
588227
588228
588229
588230
588231
588232
588233
588234
588235
588236
588237
588238
588239
588240
588241
588242
588243
588244
588245
588246
588247
588248
588249
588250
588251
588252
588253
588254
588255
588256
588257
588258
588259
588260
588261
588262
588263
588264
588265
588266
588267
588268
588269
588270
588271
588272
588273
588274
588275
588276
588277
588278
588279
588280
588281
588282
588283
588284
588285
588286
588287
588288
588289
588290
588291
588292
588293
588294
588295
588296
588297
588298
588299
588300
588301
588302
588303
588304
588305
588306
588307
588308
588309
588310
588311
588312
588313
588314
588315
588316
588317
588318
588319
588320
588321
588322
588323
588324
588325
588326
588327
588328
588329
588330
588331
588332
588333
588334
588335
588336
588337
588338
588339
588340
588341
588342
588343
588344
588345
588346
588347
588348
588349
588350
588351
588352
588353
588354
588355
588356
588357
588358
588359
588360
588361
588362
588363
588364
588365
588366
588367
588368
588369
588370
588371
588372
588373
588374
588375
588376
588377
588378
588379
588380
588381
588382
588383
588384
588385
588386
588387
588388
588389
588390
588391
588392
588393
588394
588395
588396
588397
588398
588399
588400
588401
588402
588403
588404
588405
588406
588407
588408
588409
588410
588411
588412
588413
588414
588415
588416
588417
588418
588419
588420
588421
588422
588423
588424
588425
588426
588427
588428
588429
588430
588431
588432
588433
588434
588435
588436
588437
588438
588439
588440
588441
588442
588443
588444
588445
588446
588447
588448
588449
588450
588451
588452
588453
588454
588455
588456
588457
588458
588459
588460
588461
588462
588463
588464
588465
588466
588467
588468
588469
588470
588471
588472
588473
588474
588475
588476
588477
588478
588479
588480
588481
588482
588483
588484
588485
588486
588487
588488
588489
588490
588491
588492
588493
588494
588495
588496
588497
588498
588499
588500
588501
588502
588503
588504
588505
588506
588507
588508
588509
588510
588511
588512
588513
588514
588515
588516
588517
588518
588519
588520
588521
588522
588523
588524
588525
588526
588527
588528
588529
588530
588531
588532
588533
588534
588535
588536
588537
588538
588539
588540
588541
588542
588543
588544
588545
588546
588547
588548
588549
588550
588551
588552
588553
588554
588555
588556
588557
588558
588559
588560
588561
588562
588563
588564
588565
588566
588567
588568
588569
588570
588571
588572
588573
588574
588575
588576
588577
588578
588579
588580
588581
588582
588583
588584
588585
588586
588587
588588
588589
588590
588591
588592
588593
588594
588595
588596
588597
588598
588599
703410
703412
703413
703415
703416
703418
703419
703421
703422
703424
703425
703427
703428
703430
703431
703433
703434
703436
703437
703439
703440
703442
703443
703445
703446
703448
703449
703451
703453
638041
638042
638043
638044
638045
638046
638047
638048
638049
638050
638051
638052
638053
638054
638055
638056
638057
638058
638059
638060
638061
638062
638063
638064
638065
638066
638067
638068
638069
769289
769290
769291
769292
769293
769294
769295
769296
769297
769298
769299
769300
769301
769302
769303
769304
769319
769320
769321
769322
769323
769324
769325
769326
769327
769328
769329
769330
769331
769332
769333
769334
769349
769350
769351
769352
769353
769354
769355
769356
769357
769358
769359
769360
769361
769362
769363
769364
769379
769380
769381
769382
769383
769384
769385
769386
769387
769388
769389
769390
769391
769392
769393
769394
769409
769410
769411
769412
769413
769414
769415
769416
769417
769418
769419
769420
769421
769422
769423
769424
769439
769440
769441
769442
769443
769444
769445
769446
769447
769448
769449
769450
769451
769452
769453
769454
769469
769470
769471
769472
769473
769474
769475
769476
769477
769478
769479
769480
769481
769482
769483
769484
769499
769500
769501
769502
769503
769504
769505
769506
769507
769508
769509
769510
769511
769512
769513
769514
769529
769530
769531
769532
769533
769534
769535
769536
769537
769538
769539
769540
769541
769542
769543
769544
769559
769560
769561
769562
769563
769564
769565
769566
769567
769568
769569
769570
769571
769572
769573
769574
769589
769590
769591
769592
769593
769594
769595
769596
769597
769598
769599
769600
769601
769602
769603
769604
704070
704072
704073
704075
704076
704078
704079
704081
704082
769619
769620
704084
769621
704085
769622
769623
704087
769624
704088
769625
769626
704090
769627
704091
769628
769629
704093
769630
704094
769631
769632
704096
769633
704097
769634
704099
704100
704102
704103
704105
704106
704108
704109
704111
769649
704113
769650
769651
769652
769653
769654
769655
769656
769657
769658
769659
769660
769661
769662
769663
769664
769679
769680
769681
769682
769683
769684
769685
769686
769687
769688
769689
769690
769691
769692
769693
769694
638686
638687
638688
638689
638690
638691
638692
638693
638694
638695
638696
638697
638698
638699
638700
638701
638702
638703
638704
638705
638706
638707
638708
638709
638710
638711
638712
638713
638714
769919
769920
769921
769922
769923
769924
769925
769926
769927
769928
769929
769930
769931
769932
769933
769934
769935
769936
769937
769938
769939
769940
769941
769942
769943
769944
769945
769946
769947
769948
769949
)


// ************************************************************************* //
