/*--------------------------------*- C++ -*----------------------------------*\
| =========                 |                                                 |
| \\      /  F ield         | OpenFOAM: The Open Source CFD Toolbox           |
|  \\    /   O peration     | Version:  2512                                  |
|   \\  /    A nd           | Website:  www.openfoam.com                      |
|    \\/     M anipulation  |                                                 |
\*---------------------------------------------------------------------------*/
FoamFile
{
    version     2.0;
    format      ascii;
    arch        "LSB;label=32;scalar=64";
    class       faceSet;
    location    "constant/polyMesh/sets";
    object      wingFaceZone;
}
// * * * * * * * * * * * * * * * * * * * * * * * * * * * * * * * * * * * * * //


420
(
527360
527363
229379
225283
527366
527369
350219
527372
346124
342029
687120
222224
687123
525332
687126
525335
687129
525338
227354
223258
687132
525341
687134
525344
348194
525347
344099
523307
523310
229424
523313
225329
221233
523316
523319
350264
346169
523322
342074
521282
521285
227399
521288
223304
521291
521294
348239
344144
521297
519257
519260
229469
225374
519263
221279
519266
519269
350309
346214
342119
519272
694380
694383
694386
227444
694389
223349
694392
694394
348284
344189
229514
225419
221324
350354
346259
342164
227489
223394
341158
348329
344234
692400
692403
692406
229559
225464
692409
221369
220347
692412
343228
692414
350399
346304
227534
223439
345298
341204
348374
229604
225509
221414
347368
343274
350444
690420
690423
220408
690426
227579
223484
690429
349438
690432
345344
341249
690434
229649
225554
221459
347414
343319
227624
223529
349484
345389
341294
228658
220468
688440
688443
688446
225599
221504
688449
528706
347459
688452
343364
528709
688454
528712
226633
528715
528718
528721
223574
349529
526682
345434
341339
526685
526688
228704
224608
526691
526694
526697
221549
347504
220528
524657
343409
524660
524663
226679
222583
524666
524669
524672
349574
345479
522632
341384
522635
228749
522638
224654
522641
695700
522644
695703
522647
695706
695709
347549
343454
520607
695712
695714
520610
226724
520613
222629
520616
520619
220588
520622
349619
345524
341429
228794
224699
347594
343499
226769
222674
693720
693723
693726
349664
693729
345569
341474
693732
693734
228839
224744
220648
347639
343544
226814
222719
342538
349709
345614
228884
224789
691740
691743
344608
691746
347684
220708
691749
691752
691754
226859
222764
346678
342584
349754
228929
224834
348748
344654
350803
226904
222809
689760
220768
689763
346724
342629
689766
689769
689772
689774
228974
224879
350834
230008
348794
344699
226949
222854
227983
350864
346769
342674
224924
528032
528035
687780
528038
230054
225958
687783
348839
344744
528041
687786
528044
687789
350894
528047
687792
687794
222899
526007
526010
526013
228029
223933
346814
342719
526016
526019
526022
350924
523982
523985
230099
523988
348884
226004
221908
344789
523991
523994
523997
521957
521960
350954
228074
521963
346859
223979
342764
521966
521969
521972
519932
519935
695040
230144
348929
226049
519938
344834
221954
695043
519941
695046
519944
350984
695049
519947
695052
695054
228119
346904
224024
342809
351014
230189
348974
226094
344879
221999
693060
228164
346949
224069
342854
693063
693066
696140
693069
696142
696144
693072
696146
693074
696148
696149
341848
230234
349019
226139
344924
222044
343918
228209
346994
224114
345988
341894
230279
691080
349064
226184
222089
691083
691086
691089
691092
691094
348058
343964
228254
224159
350128
346034
341939
230324
226229
222134
348104
344009
228299
689100
224204
689103
689106
689109
229333
689112
689114
350174
346079
341984
226274
222179
227308
348149
344054
224249
527357
)


// ************************************************************************* //
