/*--------------------------------*- C++ -*----------------------------------*\
| =========                 |                                                 |
| \\      /  F ield         | OpenFOAM: The Open Source CFD Toolbox           |
|  \\    /   O peration     | Version:  2512                                  |
|   \\  /    A nd           | Website:  www.openfoam.com                      |
|    \\/     M anipulation  |                                                 |
\*---------------------------------------------------------------------------*/
FoamFile
{
    version     2.0;
    format      ascii;
    arch        "LSB;label=32;scalar=64";
    class       faceSet;
    location    "constant/polyMesh/sets";
    object      wingFaceZone2;
}
// * * * * * * * * * * * * * * * * * * * * * * * * * * * * * * * * * * * * * //


420
(
648192
648194
267269
263174
66569
62474
464909
460814
269339
265244
261149
68639
64544
60448
466979
462884
267314
263219
66614
62519
464954
460859
269384
265289
261194
68684
64589
655440
462929
655443
655446
655449
655452
60508
655454
267359
263264
66659
62564
464999
460904
468074
269429
265334
261239
68729
64634
462974
267404
263309
66704
62609
653460
460949
653463
468119
60568
653466
653469
270493
653472
653474
269474
265379
261284
68774
64679
463019
466094
69808
267449
263354
270524
66749
62654
460994
268483
468164
67783
265424
261329
64724
651480
270554
266458
651483
466139
651486
69854
65758
651489
651492
651494
263399
62699
461039
468209
268529
264433
464114
67829
63733
270584
261374
466184
266504
262408
69899
65804
61708
270614
649500
468254
268574
649503
464159
264479
649506
67874
63779
649509
649512
649514
270644
466229
266549
462134
262454
69944
65849
61754
468299
268619
464204
264524
67919
63824
270674
647520
466274
266594
647523
462179
262499
69989
647526
65894
61799
647529
647532
647534
270704
656760
268664
464249
264569
460154
656763
67964
63869
656766
656769
656772
656774
466319
266639
462224
262544
70034
65939
61844
268709
464294
264614
460199
68009
63914
654780
266684
462269
262589
654783
70079
65984
61889
654786
654789
654792
654794
268754
464339
264659
460244
467414
68054
63959
266729
462314
262634
70124
66029
61934
268799
652800
264704
460289
652803
467459
68099
64004
652806
652809
269833
652812
69133
652814
266774
462359
262679
465434
66074
61979
267808
67108
264749
460334
467504
64049
269879
265783
69179
65083
650820
262724
650823
465479
62024
650826
650829
267854
263758
650832
650834
67154
63058
460379
467549
463454
269924
265829
261733
69224
65129
61033
465524
267899
263804
67199
63104
648840
467594
648843
463499
648846
648849
269969
265874
261779
648852
69269
648854
65174
61079
465569
461474
267944
263849
67244
63149
467639
463544
270014
265919
261824
69314
65219
61124
465614
461519
267989
263894
67289
63194
656100
463589
459494
656103
656106
270059
265964
656109
261869
69359
656112
65264
61169
656114
60147
465659
461564
468733
268034
263939
67334
63239
463634
459539
270104
266009
261914
69404
65309
61214
654120
461609
468778
654123
654126
268079
263984
60208
654129
67379
654132
63284
654134
463679
459584
466754
270149
266054
261959
69449
65354
61259
461654
468823
268124
264029
67424
63329
269158
68458
652140
60268
459629
652143
466799
652146
266099
262004
652149
65399
652152
61304
652154
267133
66433
461699
468868
464774
264074
63374
269204
265108
68504
64408
459674
466844
262049
61349
60328
267179
263083
66479
62383
650160
468913
650163
464819
650166
650169
650172
650174
269249
265154
261058
68549
64454
459719
466889
462794
267224
263129
66524
62429
468958
464864
60388
269294
265199
261104
68594
64499
648180
466934
648183
462839
648186
648189
)


// ************************************************************************* //
