/*--------------------------------*- C++ -*----------------------------------*\
| =========                 |                                                 |
| \\      /  F ield         | OpenFOAM: The Open Source CFD Toolbox           |
|  \\    /   O peration     | Version:  2512                                  |
|   \\  /    A nd           | Website:  www.openfoam.com                      |
|    \\/     M anipulation  |                                                 |
\*---------------------------------------------------------------------------*/
FoamFile
{
    version     2.0;
    format      ascii;
    arch        "LSB;label=32;scalar=64";
    class       faceSet;
    location    "constant/polyMesh/sets";
    object      wingFaceSet;
}
// * * * * * * * * * * * * * * * * * * * * * * * * * * * * * * * * * * * * * //


420
(
229379
344099
229424
344144
229469
344189
229514
344234
229559
229604
229649
688440
688443
688446
688449
688452
688454
524657
524660
524663
524666
524669
524672
344608
344654
230008
344699
230054
344744
230099
344789
230144
344834
230189
344879
230234
344924
230279
230324
689100
689103
689106
689109
689112
689114
525332
525335
525338
525341
525344
525347
345298
345344
345389
345434
345479
345524
345569
345614
689760
689763
689766
689769
689772
689774
526007
526010
526013
526016
526019
526022
345988
346034
346079
346124
346169
346214
346259
346304
690420
690423
690426
690429
690432
690434
526682
526685
526688
526691
526694
526697
346678
346724
346769
346814
346859
346904
346949
346994
691080
691083
691086
691089
691092
691094
527357
527360
527363
527366
527369
527372
347368
347414
347459
347504
347549
347594
347639
691740
691743
691746
347684
691749
691752
691754
528032
528035
528038
528041
528044
528047
348058
348104
348149
348194
348239
348284
348329
692400
692403
692406
692409
692412
692414
348374
528706
528709
528712
528715
528718
528721
348748
348794
348839
348884
348929
348974
693060
693063
693066
693069
693072
693074
349019
349064
349438
349484
349529
349574
349619
693720
693723
693726
349664
693729
693732
693734
349709
349754
350128
350174
350219
350264
350309
694380
694383
694386
694389
694392
694394
350354
350399
350444
350803
350834
350864
350894
350924
350954
695040
695043
695046
350984
695049
695052
695054
351014
220347
220408
220468
220528
695700
695703
695706
695709
695712
695714
220588
220648
220708
220768
696140
696142
696144
696146
696148
696149
221233
221279
221324
221369
221414
221459
221504
221549
221908
221954
221999
222044
222089
222134
222179
222224
222583
222629
222674
222719
222764
222809
222854
222899
223258
223304
223349
223394
223439
223484
223529
223574
223933
223979
224024
224069
224114
224159
224204
224249
519257
519260
519263
519266
519269
519272
224608
224654
224699
224744
224789
224834
224879
224924
519932
519935
519938
519941
519944
519947
225283
225329
225374
225419
225464
225509
225554
225599
520607
520610
520613
520616
520619
520622
225958
226004
226049
226094
226139
226184
226229
226274
521282
521285
521288
521291
521294
521297
341158
341204
341249
341294
226633
341339
226679
341384
226724
341429
226769
341474
226814
226859
226904
226949
521957
521960
521963
521966
521969
521972
341848
341894
341939
341984
227308
342029
227354
342074
227399
342119
227444
342164
227489
227534
227579
227624
522632
522635
522638
522641
522644
522647
342538
342584
342629
227983
342674
228029
342719
228074
342764
228119
342809
228164
342854
228209
228254
228299
687120
687123
687126
687129
687132
687134
523307
523310
523313
523316
523319
523322
343228
343274
343319
228658
343364
228704
343409
228749
343454
228794
343499
228839
343544
228884
228929
228974
687780
687783
687786
687789
687792
687794
523982
523985
523988
523991
523994
523997
343918
343964
344009
229333
344054
)


// ************************************************************************* //
