/*--------------------------------*- C++ -*----------------------------------*\
| =========                 |                                                 |
| \\      /  F ield         | OpenFOAM: The Open Source CFD Toolbox           |
|  \\    /   O peration     | Version:  2512                                  |
|   \\  /    A nd           | Website:  www.openfoam.com                      |
|    \\/     M anipulation  |                                                 |
\*---------------------------------------------------------------------------*/
FoamFile
{
    version     2.0;
    format      ascii;
    arch        "LSB;label=32;scalar=64";
    class       faceSet;
    location    "constant/polyMesh/sets";
    object      wingFaceSet2;
}
// * * * * * * * * * * * * * * * * * * * * * * * * * * * * * * * * * * * * * //


420
(
655440
655443
655446
655449
655452
655454
65758
262408
65804
262454
65849
262499
65894
262544
65939
262589
65984
262634
66029
262679
66074
262724
656100
459494
656103
656106
656109
656112
656114
459539
459584
459629
66433
459674
263083
66479
459719
263129
66524
263174
66569
263219
66614
263264
66659
263309
66704
263354
66749
263399
656760
460154
656763
656766
656769
656772
656774
460199
460244
460289
67108
460334
263758
67154
460379
263804
67199
263849
67244
263894
67289
263939
67334
263984
67379
264029
67424
264074
460814
460859
460904
460949
460994
67783
461039
264433
67829
264479
67874
264524
67919
264569
67964
264614
68009
264659
68054
264704
68099
264749
461474
461519
461564
461609
461654
68458
461699
265108
68504
265154
68549
265199
68594
265244
68639
265289
68684
265334
68729
265379
68774
265424
462134
462179
462224
462269
462314
69133
462359
265783
69179
265829
69224
265874
69269
265919
69314
265964
69359
266009
69404
266054
69449
266099
462794
462839
462884
462929
462974
463019
69808
266458
69854
266504
69899
266549
69944
266594
69989
266639
70034
266684
70079
266729
70124
266774
463454
463499
463544
463589
463634
463679
267133
267179
267224
267269
267314
267359
267404
267449
464114
464159
464204
464249
464294
464339
267808
267854
267899
267944
267989
268034
268079
268124
464774
464819
464864
464909
464954
464999
268483
268529
268574
268619
268664
268709
268754
268799
465434
465479
465524
465569
465614
465659
269158
269204
269249
269294
269339
269384
269429
269474
466094
466139
466184
466229
466274
466319
269833
269879
269924
269969
270014
270059
270104
466754
270149
466799
466844
466889
466934
466979
270493
270524
270554
270584
270614
270644
270674
647520
647523
647526
647529
647532
647534
270704
467414
467459
467504
467549
467594
467639
648180
648183
648186
648189
648192
648194
468074
468119
468164
468209
468254
468299
648840
648843
648846
648849
648852
648854
468733
468778
468823
468868
468913
468958
649500
649503
649506
649509
649512
649514
60147
60208
60268
60328
650160
650163
650166
650169
650172
650174
60388
60448
60508
60568
650820
650823
650826
650829
650832
650834
61033
61079
61124
61169
61214
61259
61304
61349
651480
651483
651486
651489
651492
651494
61708
61754
61799
61844
61889
61934
61979
62024
652140
652143
652146
652149
652152
652154
62383
62429
62474
62519
62564
62609
62654
62699
652800
652803
652806
652809
652812
652814
63058
63104
63149
63194
63239
63284
63329
63374
653460
653463
653466
653469
653472
653474
63733
63779
63824
63869
63914
63959
64004
64049
654120
654123
654126
654129
654132
654134
64408
261058
64454
261104
64499
261149
64544
261194
64589
261239
64634
261284
64679
261329
64724
261374
654780
654783
654786
654789
654792
654794
65083
261733
65129
261779
65174
261824
65219
261869
65264
261914
65309
261959
65354
262004
65399
262049
)


// ************************************************************************* //
