/*--------------------------------*- C++ -*----------------------------------*\
| =========                 |                                                 |
| \\      /  F ield         | OpenFOAM: The Open Source CFD Toolbox           |
|  \\    /   O peration     | Version:  2512                                  |
|   \\  /    A nd           | Website:  www.openfoam.com                      |
|    \\/     M anipulation  |                                                 |
\*---------------------------------------------------------------------------*/
FoamFile
{
    version     2.0;
    format      ascii;
    arch        "LSB;label=32;scalar=64";
    class       faceList;
    location    "constant/polyMesh";
    object      faces;
}
// * * * * * * * * * * * * * * * * * * * * * * * * * * * * * * * * * * * * * //


1972
(
4(91 52 208 1027)
4(8 1027 208 19)
4(92 53 209 1028)
4(1027 1028 209 208)
4(93 54 210 1029)
4(1028 1029 210 209)
4(94 55 211 1030)
4(1029 1030 211 210)
4(95 56 212 1031)
4(1030 1031 212 211)
4(96 57 213 1032)
4(1031 1032 213 212)
4(97 58 214 1033)
4(1032 1033 214 213)
4(98 59 215 1034)
4(1033 1034 215 214)
4(99 60 216 1035)
4(1034 1035 216 215)
4(100 61 217 1036)
4(1035 1036 217 216)
4(101 62 218 1037)
4(1036 1037 218 217)
4(102 63 219 1038)
4(1037 1038 219 218)
4(103 64 220 1039)
4(1038 1039 220 219)
4(104 65 221 1040)
4(1039 1040 221 220)
4(105 66 222 1041)
4(1040 1041 222 221)
4(106 67 223 1042)
4(1041 1042 223 222)
4(107 68 224 1043)
4(1042 1043 224 223)
4(108 69 225 1044)
4(1043 1044 225 224)
4(109 70 226 1045)
4(1044 1045 226 225)
4(110 71 227 1046)
4(1045 1046 227 226)
4(111 72 228 1047)
4(1046 1047 228 227)
4(112 73 229 1048)
4(1047 1048 229 228)
4(113 74 230 1049)
4(1048 1049 230 229)
4(114 75 231 1050)
4(1049 1050 231 230)
4(115 76 232 1051)
4(1050 1051 232 231)
4(116 77 233 1052)
4(1051 1052 233 232)
4(117 78 234 1053)
4(1052 1053 234 233)
4(118 79 235 1054)
4(1053 1054 235 234)
4(119 80 236 1055)
4(1054 1055 236 235)
4(120 81 237 1056)
4(1055 1056 237 236)
4(121 82 238 1057)
4(1056 1057 238 237)
4(122 83 239 1058)
4(1057 1058 239 238)
4(123 84 240 1059)
4(1058 1059 240 239)
4(124 85 241 1060)
4(1059 1060 241 240)
4(125 86 242 1061)
4(1060 1061 242 241)
4(126 87 243 1062)
4(1061 1062 243 242)
4(127 88 244 1063)
4(1062 1063 244 243)
4(128 89 245 1064)
4(1063 1064 245 244)
4(129 90 246 1065)
4(1064 1065 246 245)
4(1065 30 41 246)
4(1027 208 247 988)
4(9 988 247 20)
4(1028 209 248 989)
4(988 989 248 247)
4(1029 210 249 990)
4(989 990 249 248)
4(1030 211 250 991)
4(990 991 250 249)
4(1031 212 251 992)
4(991 992 251 250)
4(1032 213 252 993)
4(992 993 252 251)
4(1033 214 253 994)
4(993 994 253 252)
4(1034 215 254 995)
4(994 995 254 253)
4(1035 216 255 996)
4(995 996 255 254)
4(1036 217 256 997)
4(996 997 256 255)
4(1037 218 257 998)
4(997 998 257 256)
4(1038 219 258 999)
4(998 999 258 257)
4(1039 220 259 1000)
4(999 1000 259 258)
4(1040 221 260 1001)
4(1000 1001 260 259)
4(1041 222 261 1002)
4(1001 1002 261 260)
4(1042 223 262 1003)
4(1002 1003 262 261)
4(1043 224 263 1004)
4(1003 1004 263 262)
4(1044 225 264 1005)
4(1004 1005 264 263)
4(1045 226 265 1006)
4(1005 1006 265 264)
4(1046 227 266 1007)
4(1006 1007 266 265)
4(1047 228 267 1008)
4(1007 1008 267 266)
4(1048 229 268 1009)
4(1008 1009 268 267)
4(1049 230 269 1010)
4(1009 1010 269 268)
4(1050 231 270 1011)
4(1010 1011 270 269)
4(1051 232 271 1012)
4(1011 1012 271 270)
4(1052 233 272 1013)
4(1012 1013 272 271)
4(1053 234 273 1014)
4(1013 1014 273 272)
4(1054 235 274 1015)
4(1014 1015 274 273)
4(1055 236 275 1016)
4(1015 1016 275 274)
4(1056 237 276 1017)
4(1016 1017 276 275)
4(1057 238 277 1018)
4(1017 1018 277 276)
4(1058 239 278 1019)
4(1018 1019 278 277)
4(1059 240 279 1020)
4(1019 1020 279 278)
4(1060 241 280 1021)
4(1020 1021 280 279)
4(1061 242 281 1022)
4(1021 1022 281 280)
4(1062 243 282 1023)
4(1022 1023 282 281)
4(1063 244 283 1024)
4(1023 1024 283 282)
4(1064 245 284 1025)
4(1024 1025 284 283)
4(1065 246 285 1026)
4(1025 1026 285 284)
4(1026 31 42 285)
4(988 247 286 949)
4(10 949 286 21)
4(989 248 287 950)
4(949 950 287 286)
4(990 249 288 951)
4(950 951 288 287)
4(991 250 289 952)
4(951 952 289 288)
4(992 251 290 953)
4(952 953 290 289)
4(993 252 291 954)
4(953 954 291 290)
4(994 253 292 955)
4(954 955 292 291)
4(995 254 293 956)
4(955 956 293 292)
4(996 255 294 957)
4(956 957 294 293)
4(997 256 295 958)
4(957 958 295 294)
4(998 257 296 959)
4(958 959 296 295)
4(999 258 297 960)
4(959 960 297 296)
4(1000 259 298 961)
4(960 961 298 297)
4(1001 260 299 962)
4(961 962 299 298)
4(1002 261 300 963)
4(962 963 300 299)
4(1003 262 301 964)
4(963 964 301 300)
4(1004 263 302 965)
4(964 965 302 301)
4(1005 264 303 966)
4(965 966 303 302)
4(1006 265 304 967)
4(966 967 304 303)
4(1007 266 305 968)
4(967 968 305 304)
4(1008 267 306 969)
4(968 969 306 305)
4(1009 268 307 970)
4(969 970 307 306)
4(1010 269 308 971)
4(970 971 308 307)
4(1011 270 309 972)
4(971 972 309 308)
4(1012 271 310 973)
4(972 973 310 309)
4(1013 272 311 974)
4(973 974 311 310)
4(1014 273 312 975)
4(974 975 312 311)
4(1015 274 313 976)
4(975 976 313 312)
4(1016 275 314 977)
4(976 977 314 313)
4(1017 276 315 978)
4(977 978 315 314)
4(1018 277 316 979)
4(978 979 316 315)
4(1019 278 317 980)
4(979 980 317 316)
4(1020 279 318 981)
4(980 981 318 317)
4(1021 280 319 982)
4(981 982 319 318)
4(1022 281 320 983)
4(982 983 320 319)
4(1023 282 321 984)
4(983 984 321 320)
4(1024 283 322 985)
4(984 985 322 321)
4(1025 284 323 986)
4(985 986 323 322)
4(1026 285 324 987)
4(986 987 324 323)
4(987 32 43 324)
4(949 286 325 910)
4(11 910 325 22)
4(950 287 326 911)
4(910 911 326 325)
4(951 288 327 912)
4(911 912 327 326)
4(952 289 328 913)
4(912 913 328 327)
4(953 290 329 914)
4(913 914 329 328)
4(954 291 330 915)
4(914 915 330 329)
4(955 292 331 916)
4(915 916 331 330)
4(956 293 332 917)
4(916 917 332 331)
4(957 294 333 918)
4(917 918 333 332)
4(958 295 334 919)
4(918 919 334 333)
4(959 296 335 920)
4(919 920 335 334)
4(960 297 336 921)
4(920 921 336 335)
4(961 298 337 922)
4(921 922 337 336)
4(962 299 338 923)
4(922 923 338 337)
4(963 300 339 924)
4(923 924 339 338)
4(964 301 340 925)
4(924 925 340 339)
4(965 302 341 926)
4(925 926 341 340)
4(966 303 342 927)
4(926 927 342 341)
4(967 304 343 928)
4(927 928 343 342)
4(968 305 344 929)
4(928 929 344 343)
4(969 306 345 930)
4(929 930 345 344)
4(970 307 346 931)
4(930 931 346 345)
4(971 308 347 932)
4(931 932 347 346)
4(972 309 348 933)
4(932 933 348 347)
4(973 310 349 934)
4(933 934 349 348)
4(974 311 350 935)
4(934 935 350 349)
4(975 312 351 936)
4(935 936 351 350)
4(976 313 352 937)
4(936 937 352 351)
4(977 314 353 938)
4(937 938 353 352)
4(978 315 354 939)
4(938 939 354 353)
4(979 316 355 940)
4(939 940 355 354)
4(980 317 356 941)
4(940 941 356 355)
4(981 318 357 942)
4(941 942 357 356)
4(982 319 358 943)
4(942 943 358 357)
4(983 320 359 944)
4(943 944 359 358)
4(984 321 360 945)
4(944 945 360 359)
4(985 322 361 946)
4(945 946 361 360)
4(986 323 362 947)
4(946 947 362 361)
4(987 324 363 948)
4(947 948 363 362)
4(948 33 44 363)
4(910 325 364 871)
4(12 871 364 23)
4(911 326 365 872)
4(871 872 365 364)
4(912 327 366 873)
4(872 873 366 365)
4(913 328 367 874)
4(873 874 367 366)
4(914 329 368 875)
4(874 875 368 367)
4(915 330 369 876)
4(875 876 369 368)
4(916 331 370 877)
4(876 877 370 369)
4(917 332 371 878)
4(877 878 371 370)
4(918 333 372 879)
4(878 879 372 371)
4(919 334 373 880)
4(879 880 373 372)
4(920 335 374 881)
4(880 881 374 373)
4(921 336 375 882)
4(881 882 375 374)
4(922 337 376 883)
4(882 883 376 375)
4(923 338 377 884)
4(883 884 377 376)
4(924 339 378 885)
4(884 885 378 377)
4(925 340 379 886)
4(885 886 379 378)
4(926 341 380 887)
4(886 887 380 379)
4(927 342 381 888)
4(887 888 381 380)
4(928 343 382 889)
4(888 889 382 381)
4(929 344 383 890)
4(889 890 383 382)
4(930 345 384 891)
4(890 891 384 383)
4(931 346 385 892)
4(891 892 385 384)
4(932 347 386 893)
4(892 893 386 385)
4(933 348 387 894)
4(893 894 387 386)
4(934 349 388 895)
4(894 895 388 387)
4(935 350 389 896)
4(895 896 389 388)
4(936 351 390 897)
4(896 897 390 389)
4(937 352 391 898)
4(897 898 391 390)
4(938 353 392 899)
4(898 899 392 391)
4(939 354 393 900)
4(899 900 393 392)
4(940 355 394 901)
4(900 901 394 393)
4(941 356 395 902)
4(901 902 395 394)
4(942 357 396 903)
4(902 903 396 395)
4(943 358 397 904)
4(903 904 397 396)
4(944 359 398 905)
4(904 905 398 397)
4(945 360 399 906)
4(905 906 399 398)
4(946 361 400 907)
4(906 907 400 399)
4(947 362 401 908)
4(907 908 401 400)
4(948 363 402 909)
4(908 909 402 401)
4(909 34 45 402)
4(871 364 403 832)
4(13 832 403 24)
4(872 365 404 833)
4(832 833 404 403)
4(873 366 405 834)
4(833 834 405 404)
4(874 367 406 835)
4(834 835 406 405)
4(875 368 407 836)
4(835 836 407 406)
4(876 369 408 837)
4(836 837 408 407)
4(877 370 409 838)
4(837 838 409 408)
4(878 371 410 839)
4(838 839 410 409)
4(879 372 411 840)
4(839 840 411 410)
4(880 373 412 841)
4(840 841 412 411)
4(881 374 413 842)
4(841 842 413 412)
4(882 375 414 843)
4(842 843 414 413)
4(883 376 415 844)
4(843 844 415 414)
4(884 377 416 845)
4(844 845 416 415)
4(885 378 417 846)
4(845 846 417 416)
4(886 379 418 847)
4(846 847 418 417)
4(887 380 419 848)
4(847 848 419 418)
4(888 381 420 849)
4(848 849 420 419)
4(889 382 421 850)
4(849 850 421 420)
4(890 383 422 851)
4(850 851 422 421)
4(891 384 423 852)
4(851 852 423 422)
4(892 385 424 853)
4(852 853 424 423)
4(893 386 425 854)
4(853 854 425 424)
4(894 387 426 855)
4(854 855 426 425)
4(895 388 427 856)
4(855 856 427 426)
4(896 389 428 857)
4(856 857 428 427)
4(897 390 429 858)
4(857 858 429 428)
4(898 391 430 859)
4(858 859 430 429)
4(899 392 431 860)
4(859 860 431 430)
4(900 393 432 861)
4(860 861 432 431)
4(901 394 433 862)
4(861 862 433 432)
4(902 395 434 863)
4(862 863 434 433)
4(903 396 435 864)
4(863 864 435 434)
4(904 397 436 865)
4(864 865 436 435)
4(905 398 437 866)
4(865 866 437 436)
4(906 399 438 867)
4(866 867 438 437)
4(907 400 439 868)
4(867 868 439 438)
4(908 401 440 869)
4(868 869 440 439)
4(909 402 441 870)
4(869 870 441 440)
4(870 35 46 441)
4(832 403 442 793)
4(14 793 442 25)
4(833 404 443 794)
4(793 794 443 442)
4(834 405 444 795)
4(794 795 444 443)
4(835 406 445 796)
4(795 796 445 444)
4(836 407 446 797)
4(796 797 446 445)
4(837 408 447 798)
4(797 798 447 446)
4(838 409 448 799)
4(798 799 448 447)
4(839 410 449 800)
4(799 800 449 448)
4(840 411 450 801)
4(800 801 450 449)
4(841 412 451 802)
4(801 802 451 450)
4(842 413 452 803)
4(802 803 452 451)
4(843 414 453 804)
4(803 804 453 452)
4(844 415 454 805)
4(804 805 454 453)
4(845 416 455 806)
4(805 806 455 454)
4(846 417 456 807)
4(806 807 456 455)
4(847 418 457 808)
4(807 808 457 456)
4(848 419 458 809)
4(808 809 458 457)
4(849 420 459 810)
4(809 810 459 458)
4(850 421 460 811)
4(810 811 460 459)
4(851 422 461 812)
4(811 812 461 460)
4(852 423 462 813)
4(812 813 462 461)
4(853 424 463 814)
4(813 814 463 462)
4(854 425 464 815)
4(814 815 464 463)
4(855 426 465 816)
4(815 816 465 464)
4(856 427 466 817)
4(816 817 466 465)
4(857 428 467 818)
4(817 818 467 466)
4(858 429 468 819)
4(818 819 468 467)
4(859 430 469 820)
4(819 820 469 468)
4(860 431 470 821)
4(820 821 470 469)
4(861 432 471 822)
4(821 822 471 470)
4(862 433 472 823)
4(822 823 472 471)
4(863 434 473 824)
4(823 824 473 472)
4(864 435 474 825)
4(824 825 474 473)
4(865 436 475 826)
4(825 826 475 474)
4(866 437 476 827)
4(826 827 476 475)
4(867 438 477 828)
4(827 828 477 476)
4(868 439 478 829)
4(828 829 478 477)
4(869 440 479 830)
4(829 830 479 478)
4(870 441 480 831)
4(830 831 480 479)
4(831 36 47 480)
4(793 442 481 754)
4(15 754 481 26)
4(794 443 482 755)
4(754 755 482 481)
4(795 444 483 756)
4(755 756 483 482)
4(796 445 484 757)
4(756 757 484 483)
4(797 446 485 758)
4(757 758 485 484)
4(798 447 486 759)
4(758 759 486 485)
4(799 448 487 760)
4(759 760 487 486)
4(800 449 488 761)
4(760 761 488 487)
4(801 450 489 762)
4(761 762 489 488)
4(802 451 490 763)
4(762 763 490 489)
4(803 452 491 764)
4(763 764 491 490)
4(804 453 492 765)
4(764 765 492 491)
4(805 454 493 766)
4(765 766 493 492)
4(806 455 494 767)
4(766 767 494 493)
4(807 456 495 768)
4(767 768 495 494)
4(808 457 496 769)
4(768 769 496 495)
4(809 458 497 770)
4(769 770 497 496)
4(810 459 498 771)
4(770 771 498 497)
4(811 460 499 772)
4(771 772 499 498)
4(812 461 500 773)
4(772 773 500 499)
4(813 462 501 774)
4(773 774 501 500)
4(814 463 502 775)
4(774 775 502 501)
4(815 464 503 776)
4(775 776 503 502)
4(816 465 504 777)
4(776 777 504 503)
4(817 466 505 778)
4(777 778 505 504)
4(818 467 506 779)
4(778 779 506 505)
4(819 468 507 780)
4(779 780 507 506)
4(820 469 508 781)
4(780 781 508 507)
4(821 470 509 782)
4(781 782 509 508)
4(822 471 510 783)
4(782 783 510 509)
4(823 472 511 784)
4(783 784 511 510)
4(824 473 512 785)
4(784 785 512 511)
4(825 474 513 786)
4(785 786 513 512)
4(826 475 514 787)
4(786 787 514 513)
4(827 476 515 788)
4(787 788 515 514)
4(828 477 516 789)
4(788 789 516 515)
4(829 478 517 790)
4(789 790 517 516)
4(830 479 518 791)
4(790 791 518 517)
4(831 480 519 792)
4(791 792 519 518)
4(792 37 48 519)
4(754 481 520 715)
4(16 715 520 27)
4(755 482 521 716)
4(715 716 521 520)
4(756 483 522 717)
4(716 717 522 521)
4(757 484 523 718)
4(717 718 523 522)
4(758 485 524 719)
4(718 719 524 523)
4(759 486 525 720)
4(719 720 525 524)
4(760 487 526 721)
4(720 721 526 525)
4(761 488 527 722)
4(721 722 527 526)
4(762 489 528 723)
4(722 723 528 527)
4(763 490 529 724)
4(723 724 529 528)
4(764 491 530 725)
4(724 725 530 529)
4(765 492 531 726)
4(725 726 531 530)
4(766 493 532 727)
4(726 727 532 531)
4(767 494 533 728)
4(727 728 533 532)
4(768 495 534 729)
4(728 729 534 533)
4(769 496 535 730)
4(729 730 535 534)
4(770 497 536 731)
4(730 731 536 535)
4(771 498 537 732)
4(731 732 537 536)
4(772 499 538 733)
4(732 733 538 537)
4(773 500 539 734)
4(733 734 539 538)
4(774 501 540 735)
4(734 735 540 539)
4(775 502 541 736)
4(735 736 541 540)
4(776 503 542 737)
4(736 737 542 541)
4(777 504 543 738)
4(737 738 543 542)
4(778 505 544 739)
4(738 739 544 543)
4(779 506 545 740)
4(739 740 545 544)
4(780 507 546 741)
4(740 741 546 545)
4(781 508 547 742)
4(741 742 547 546)
4(782 509 548 743)
4(742 743 548 547)
4(783 510 549 744)
4(743 744 549 548)
4(784 511 550 745)
4(744 745 550 549)
4(785 512 551 746)
4(745 746 551 550)
4(786 513 552 747)
4(746 747 552 551)
4(787 514 553 748)
4(747 748 553 552)
4(788 515 554 749)
4(748 749 554 553)
4(789 516 555 750)
4(749 750 555 554)
4(790 517 556 751)
4(750 751 556 555)
4(791 518 557 752)
4(751 752 557 556)
4(792 519 558 753)
4(752 753 558 557)
4(753 38 49 558)
4(715 520 559 676)
4(17 676 559 28)
4(716 521 560 677)
4(676 677 560 559)
4(717 522 561 678)
4(677 678 561 560)
4(718 523 562 679)
4(678 679 562 561)
4(719 524 563 680)
4(679 680 563 562)
4(720 525 564 681)
4(680 681 564 563)
4(721 526 565 682)
4(681 682 565 564)
4(722 527 566 683)
4(682 683 566 565)
4(723 528 567 684)
4(683 684 567 566)
4(724 529 568 685)
4(684 685 568 567)
4(725 530 569 686)
4(685 686 569 568)
4(726 531 570 687)
4(686 687 570 569)
4(727 532 571 688)
4(687 688 571 570)
4(728 533 572 689)
4(688 689 572 571)
4(729 534 573 690)
4(689 690 573 572)
4(730 535 574 691)
4(690 691 574 573)
4(731 536 575 692)
4(691 692 575 574)
4(732 537 576 693)
4(692 693 576 575)
4(733 538 577 694)
4(693 694 577 576)
4(734 539 578 695)
4(694 695 578 577)
4(735 540 579 696)
4(695 696 579 578)
4(736 541 580 697)
4(696 697 580 579)
4(737 542 581 698)
4(697 698 581 580)
4(738 543 582 699)
4(698 699 582 581)
4(739 544 583 700)
4(699 700 583 582)
4(740 545 584 701)
4(700 701 584 583)
4(741 546 585 702)
4(701 702 585 584)
4(742 547 586 703)
4(702 703 586 585)
4(743 548 587 704)
4(703 704 587 586)
4(744 549 588 705)
4(704 705 588 587)
4(745 550 589 706)
4(705 706 589 588)
4(746 551 590 707)
4(706 707 590 589)
4(747 552 591 708)
4(707 708 591 590)
4(748 553 592 709)
4(708 709 592 591)
4(749 554 593 710)
4(709 710 593 592)
4(750 555 594 711)
4(710 711 594 593)
4(751 556 595 712)
4(711 712 595 594)
4(752 557 596 713)
4(712 713 596 595)
4(753 558 597 714)
4(713 714 597 596)
4(714 39 50 597)
4(676 559 598 637)
4(18 637 598 29)
4(677 560 599 638)
4(637 638 599 598)
4(678 561 600 639)
4(638 639 600 599)
4(679 562 601 640)
4(639 640 601 600)
4(680 563 602 641)
4(640 641 602 601)
4(681 564 603 642)
4(641 642 603 602)
4(682 565 604 643)
4(642 643 604 603)
4(683 566 605 644)
4(643 644 605 604)
4(684 567 606 645)
4(644 645 606 605)
4(685 568 607 646)
4(645 646 607 606)
4(686 569 608 647)
4(646 647 608 607)
4(687 570 609 648)
4(647 648 609 608)
4(688 571 610 649)
4(648 649 610 609)
4(689 572 611 650)
4(649 650 611 610)
4(690 573 612 651)
4(650 651 612 611)
4(691 574 613 652)
4(651 652 613 612)
4(692 575 614 653)
4(652 653 614 613)
4(693 576 615 654)
4(653 654 615 614)
4(694 577 616 655)
4(654 655 616 615)
4(695 578 617 656)
4(655 656 617 616)
4(696 579 618 657)
4(656 657 618 617)
4(697 580 619 658)
4(657 658 619 618)
4(698 581 620 659)
4(658 659 620 619)
4(699 582 621 660)
4(659 660 621 620)
4(700 583 622 661)
4(660 661 622 621)
4(701 584 623 662)
4(661 662 623 622)
4(702 585 624 663)
4(662 663 624 623)
4(703 586 625 664)
4(663 664 625 624)
4(704 587 626 665)
4(664 665 626 625)
4(705 588 627 666)
4(665 666 627 626)
4(706 589 628 667)
4(666 667 628 627)
4(707 590 629 668)
4(667 668 629 628)
4(708 591 630 669)
4(668 669 630 629)
4(709 592 631 670)
4(669 670 631 630)
4(710 593 632 671)
4(670 671 632 631)
4(711 594 633 672)
4(671 672 633 632)
4(712 595 634 673)
4(672 673 634 633)
4(713 596 635 674)
4(673 674 635 634)
4(714 597 636 675)
4(674 675 636 635)
4(675 40 51 636)
4(637 598 130 169)
4(638 599 131 170)
4(639 600 132 171)
4(640 601 133 172)
4(641 602 134 173)
4(642 603 135 174)
4(643 604 136 175)
4(644 605 137 176)
4(645 606 138 177)
4(646 607 139 178)
4(647 608 140 179)
4(648 609 141 180)
4(649 610 142 181)
4(650 611 143 182)
4(651 612 144 183)
4(652 613 145 184)
4(653 614 146 185)
4(654 615 147 186)
4(655 616 148 187)
4(656 617 149 188)
4(657 618 150 189)
4(658 619 151 190)
4(659 620 152 191)
4(660 621 153 192)
4(661 622 154 193)
4(662 623 155 194)
4(663 624 156 195)
4(664 625 157 196)
4(665 626 158 197)
4(666 627 159 198)
4(667 628 160 199)
4(668 629 161 200)
4(669 630 162 201)
4(670 631 163 202)
4(671 632 164 203)
4(672 633 165 204)
4(673 634 166 205)
4(674 635 167 206)
4(675 636 168 207)
4(0 8 19 1)
4(8 9 20 19)
4(9 10 21 20)
4(10 11 22 21)
4(11 12 23 22)
4(12 13 24 23)
4(13 14 25 24)
4(14 15 26 25)
4(15 16 27 26)
4(16 17 28 27)
4(17 18 29 28)
4(18 2 3 29)
4(207 6 7 168)
4(206 207 168 167)
4(205 206 167 166)
4(204 205 166 165)
4(203 204 165 164)
4(202 203 164 163)
4(201 202 163 162)
4(200 201 162 161)
4(199 200 161 160)
4(198 199 160 159)
4(197 198 159 158)
4(196 197 158 157)
4(195 196 157 156)
4(194 195 156 155)
4(193 194 155 154)
4(192 193 154 153)
4(191 192 153 152)
4(190 191 152 151)
4(189 190 151 150)
4(188 189 150 149)
4(187 188 149 148)
4(186 187 148 147)
4(185 186 147 146)
4(184 185 146 145)
4(183 184 145 144)
4(182 183 144 143)
4(181 182 143 142)
4(180 181 142 141)
4(179 180 141 140)
4(178 179 140 139)
4(177 178 139 138)
4(176 177 138 137)
4(175 176 137 136)
4(174 175 136 135)
4(173 174 135 134)
4(172 173 134 133)
4(171 172 133 132)
4(170 171 132 131)
4(169 170 131 130)
4(2 169 130 3)
4(0 1 52 91)
4(91 52 53 92)
4(92 53 54 93)
4(93 54 55 94)
4(94 55 56 95)
4(95 56 57 96)
4(96 57 58 97)
4(97 58 59 98)
4(98 59 60 99)
4(99 60 61 100)
4(100 61 62 101)
4(101 62 63 102)
4(102 63 64 103)
4(103 64 65 104)
4(104 65 66 105)
4(105 66 67 106)
4(106 67 68 107)
4(107 68 69 108)
4(108 69 70 109)
4(109 70 71 110)
4(110 71 72 111)
4(111 72 73 112)
4(112 73 74 113)
4(113 74 75 114)
4(114 75 76 115)
4(115 76 77 116)
4(116 77 78 117)
4(117 78 79 118)
4(118 79 80 119)
4(119 80 81 120)
4(120 81 82 121)
4(121 82 83 122)
4(122 83 84 123)
4(123 84 85 124)
4(124 85 86 125)
4(125 86 87 126)
4(126 87 88 127)
4(127 88 89 128)
4(128 89 90 129)
4(129 90 5 4)
4(1 19 208 52)
4(52 208 209 53)
4(53 209 210 54)
4(54 210 211 55)
4(55 211 212 56)
4(56 212 213 57)
4(57 213 214 58)
4(58 214 215 59)
4(59 215 216 60)
4(60 216 217 61)
4(61 217 218 62)
4(62 218 219 63)
4(63 219 220 64)
4(64 220 221 65)
4(65 221 222 66)
4(66 222 223 67)
4(67 223 224 68)
4(68 224 225 69)
4(69 225 226 70)
4(70 226 227 71)
4(71 227 228 72)
4(72 228 229 73)
4(73 229 230 74)
4(74 230 231 75)
4(75 231 232 76)
4(76 232 233 77)
4(77 233 234 78)
4(78 234 235 79)
4(79 235 236 80)
4(80 236 237 81)
4(81 237 238 82)
4(82 238 239 83)
4(83 239 240 84)
4(84 240 241 85)
4(85 241 242 86)
4(86 242 243 87)
4(87 243 244 88)
4(88 244 245 89)
4(89 245 246 90)
4(90 246 41 5)
4(19 20 247 208)
4(208 247 248 209)
4(209 248 249 210)
4(210 249 250 211)
4(211 250 251 212)
4(212 251 252 213)
4(213 252 253 214)
4(214 253 254 215)
4(215 254 255 216)
4(216 255 256 217)
4(217 256 257 218)
4(218 257 258 219)
4(219 258 259 220)
4(220 259 260 221)
4(221 260 261 222)
4(222 261 262 223)
4(223 262 263 224)
4(224 263 264 225)
4(225 264 265 226)
4(226 265 266 227)
4(227 266 267 228)
4(228 267 268 229)
4(229 268 269 230)
4(230 269 270 231)
4(231 270 271 232)
4(232 271 272 233)
4(233 272 273 234)
4(234 273 274 235)
4(235 274 275 236)
4(236 275 276 237)
4(237 276 277 238)
4(238 277 278 239)
4(239 278 279 240)
4(240 279 280 241)
4(241 280 281 242)
4(242 281 282 243)
4(243 282 283 244)
4(244 283 284 245)
4(245 284 285 246)
4(246 285 42 41)
4(20 21 286 247)
4(247 286 287 248)
4(248 287 288 249)
4(249 288 289 250)
4(250 289 290 251)
4(251 290 291 252)
4(252 291 292 253)
4(253 292 293 254)
4(254 293 294 255)
4(255 294 295 256)
4(256 295 296 257)
4(257 296 297 258)
4(258 297 298 259)
4(259 298 299 260)
4(260 299 300 261)
4(261 300 301 262)
4(262 301 302 263)
4(263 302 303 264)
4(264 303 304 265)
4(265 304 305 266)
4(266 305 306 267)
4(267 306 307 268)
4(268 307 308 269)
4(269 308 309 270)
4(270 309 310 271)
4(271 310 311 272)
4(272 311 312 273)
4(273 312 313 274)
4(274 313 314 275)
4(275 314 315 276)
4(276 315 316 277)
4(277 316 317 278)
4(278 317 318 279)
4(279 318 319 280)
4(280 319 320 281)
4(281 320 321 282)
4(282 321 322 283)
4(283 322 323 284)
4(284 323 324 285)
4(285 324 43 42)
4(21 22 325 286)
4(286 325 326 287)
4(287 326 327 288)
4(288 327 328 289)
4(289 328 329 290)
4(290 329 330 291)
4(291 330 331 292)
4(292 331 332 293)
4(293 332 333 294)
4(294 333 334 295)
4(295 334 335 296)
4(296 335 336 297)
4(297 336 337 298)
4(298 337 338 299)
4(299 338 339 300)
4(300 339 340 301)
4(301 340 341 302)
4(302 341 342 303)
4(303 342 343 304)
4(304 343 344 305)
4(305 344 345 306)
4(306 345 346 307)
4(307 346 347 308)
4(308 347 348 309)
4(309 348 349 310)
4(310 349 350 311)
4(311 350 351 312)
4(312 351 352 313)
4(313 352 353 314)
4(314 353 354 315)
4(315 354 355 316)
4(316 355 356 317)
4(317 356 357 318)
4(318 357 358 319)
4(319 358 359 320)
4(320 359 360 321)
4(321 360 361 322)
4(322 361 362 323)
4(323 362 363 324)
4(324 363 44 43)
4(22 23 364 325)
4(325 364 365 326)
4(326 365 366 327)
4(327 366 367 328)
4(328 367 368 329)
4(329 368 369 330)
4(330 369 370 331)
4(331 370 371 332)
4(332 371 372 333)
4(333 372 373 334)
4(334 373 374 335)
4(335 374 375 336)
4(336 375 376 337)
4(337 376 377 338)
4(338 377 378 339)
4(339 378 379 340)
4(340 379 380 341)
4(341 380 381 342)
4(342 381 382 343)
4(343 382 383 344)
4(344 383 384 345)
4(345 384 385 346)
4(346 385 386 347)
4(347 386 387 348)
4(348 387 388 349)
4(349 388 389 350)
4(350 389 390 351)
4(351 390 391 352)
4(352 391 392 353)
4(353 392 393 354)
4(354 393 394 355)
4(355 394 395 356)
4(356 395 396 357)
4(357 396 397 358)
4(358 397 398 359)
4(359 398 399 360)
4(360 399 400 361)
4(361 400 401 362)
4(362 401 402 363)
4(363 402 45 44)
4(23 24 403 364)
4(364 403 404 365)
4(365 404 405 366)
4(366 405 406 367)
4(367 406 407 368)
4(368 407 408 369)
4(369 408 409 370)
4(370 409 410 371)
4(371 410 411 372)
4(372 411 412 373)
4(373 412 413 374)
4(374 413 414 375)
4(375 414 415 376)
4(376 415 416 377)
4(377 416 417 378)
4(378 417 418 379)
4(379 418 419 380)
4(380 419 420 381)
4(381 420 421 382)
4(382 421 422 383)
4(383 422 423 384)
4(384 423 424 385)
4(385 424 425 386)
4(386 425 426 387)
4(387 426 427 388)
4(388 427 428 389)
4(389 428 429 390)
4(390 429 430 391)
4(391 430 431 392)
4(392 431 432 393)
4(393 432 433 394)
4(394 433 434 395)
4(395 434 435 396)
4(396 435 436 397)
4(397 436 437 398)
4(398 437 438 399)
4(399 438 439 400)
4(400 439 440 401)
4(401 440 441 402)
4(402 441 46 45)
4(24 25 442 403)
4(403 442 443 404)
4(404 443 444 405)
4(405 444 445 406)
4(406 445 446 407)
4(407 446 447 408)
4(408 447 448 409)
4(409 448 449 410)
4(410 449 450 411)
4(411 450 451 412)
4(412 451 452 413)
4(413 452 453 414)
4(414 453 454 415)
4(415 454 455 416)
4(416 455 456 417)
4(417 456 457 418)
4(418 457 458 419)
4(419 458 459 420)
4(420 459 460 421)
4(421 460 461 422)
4(422 461 462 423)
4(423 462 463 424)
4(424 463 464 425)
4(425 464 465 426)
4(426 465 466 427)
4(427 466 467 428)
4(428 467 468 429)
4(429 468 469 430)
4(430 469 470 431)
4(431 470 471 432)
4(432 471 472 433)
4(433 472 473 434)
4(434 473 474 435)
4(435 474 475 436)
4(436 475 476 437)
4(437 476 477 438)
4(438 477 478 439)
4(439 478 479 440)
4(440 479 480 441)
4(441 480 47 46)
4(25 26 481 442)
4(442 481 482 443)
4(443 482 483 444)
4(444 483 484 445)
4(445 484 485 446)
4(446 485 486 447)
4(447 486 487 448)
4(448 487 488 449)
4(449 488 489 450)
4(450 489 490 451)
4(451 490 491 452)
4(452 491 492 453)
4(453 492 493 454)
4(454 493 494 455)
4(455 494 495 456)
4(456 495 496 457)
4(457 496 497 458)
4(458 497 498 459)
4(459 498 499 460)
4(460 499 500 461)
4(461 500 501 462)
4(462 501 502 463)
4(463 502 503 464)
4(464 503 504 465)
4(465 504 505 466)
4(466 505 506 467)
4(467 506 507 468)
4(468 507 508 469)
4(469 508 509 470)
4(470 509 510 471)
4(471 510 511 472)
4(472 511 512 473)
4(473 512 513 474)
4(474 513 514 475)
4(475 514 515 476)
4(476 515 516 477)
4(477 516 517 478)
4(478 517 518 479)
4(479 518 519 480)
4(480 519 48 47)
4(26 27 520 481)
4(481 520 521 482)
4(482 521 522 483)
4(483 522 523 484)
4(484 523 524 485)
4(485 524 525 486)
4(486 525 526 487)
4(487 526 527 488)
4(488 527 528 489)
4(489 528 529 490)
4(490 529 530 491)
4(491 530 531 492)
4(492 531 532 493)
4(493 532 533 494)
4(494 533 534 495)
4(495 534 535 496)
4(496 535 536 497)
4(497 536 537 498)
4(498 537 538 499)
4(499 538 539 500)
4(500 539 540 501)
4(501 540 541 502)
4(502 541 542 503)
4(503 542 543 504)
4(504 543 544 505)
4(505 544 545 506)
4(506 545 546 507)
4(507 546 547 508)
4(508 547 548 509)
4(509 548 549 510)
4(510 549 550 511)
4(511 550 551 512)
4(512 551 552 513)
4(513 552 553 514)
4(514 553 554 515)
4(515 554 555 516)
4(516 555 556 517)
4(517 556 557 518)
4(518 557 558 519)
4(519 558 49 48)
4(27 28 559 520)
4(520 559 560 521)
4(521 560 561 522)
4(522 561 562 523)
4(523 562 563 524)
4(524 563 564 525)
4(525 564 565 526)
4(526 565 566 527)
4(527 566 567 528)
4(528 567 568 529)
4(529 568 569 530)
4(530 569 570 531)
4(531 570 571 532)
4(532 571 572 533)
4(533 572 573 534)
4(534 573 574 535)
4(535 574 575 536)
4(536 575 576 537)
4(537 576 577 538)
4(538 577 578 539)
4(539 578 579 540)
4(540 579 580 541)
4(541 580 581 542)
4(542 581 582 543)
4(543 582 583 544)
4(544 583 584 545)
4(545 584 585 546)
4(546 585 586 547)
4(547 586 587 548)
4(548 587 588 549)
4(549 588 589 550)
4(550 589 590 551)
4(551 590 591 552)
4(552 591 592 553)
4(553 592 593 554)
4(554 593 594 555)
4(555 594 595 556)
4(556 595 596 557)
4(557 596 597 558)
4(558 597 50 49)
4(28 29 598 559)
4(559 598 599 560)
4(560 599 600 561)
4(561 600 601 562)
4(562 601 602 563)
4(563 602 603 564)
4(564 603 604 565)
4(565 604 605 566)
4(566 605 606 567)
4(567 606 607 568)
4(568 607 608 569)
4(569 608 609 570)
4(570 609 610 571)
4(571 610 611 572)
4(572 611 612 573)
4(573 612 613 574)
4(574 613 614 575)
4(575 614 615 576)
4(576 615 616 577)
4(577 616 617 578)
4(578 617 618 579)
4(579 618 619 580)
4(580 619 620 581)
4(581 620 621 582)
4(582 621 622 583)
4(583 622 623 584)
4(584 623 624 585)
4(585 624 625 586)
4(586 625 626 587)
4(587 626 627 588)
4(588 627 628 589)
4(589 628 629 590)
4(590 629 630 591)
4(591 630 631 592)
4(592 631 632 593)
4(593 632 633 594)
4(594 633 634 595)
4(595 634 635 596)
4(596 635 636 597)
4(597 636 51 50)
4(29 3 130 598)
4(598 130 131 599)
4(599 131 132 600)
4(600 132 133 601)
4(601 133 134 602)
4(602 134 135 603)
4(603 135 136 604)
4(604 136 137 605)
4(605 137 138 606)
4(606 138 139 607)
4(607 139 140 608)
4(608 140 141 609)
4(609 141 142 610)
4(610 142 143 611)
4(611 143 144 612)
4(612 144 145 613)
4(613 145 146 614)
4(614 146 147 615)
4(615 147 148 616)
4(616 148 149 617)
4(617 149 150 618)
4(618 150 151 619)
4(619 151 152 620)
4(620 152 153 621)
4(621 153 154 622)
4(622 154 155 623)
4(623 155 156 624)
4(624 156 157 625)
4(625 157 158 626)
4(626 158 159 627)
4(627 159 160 628)
4(628 160 161 629)
4(629 161 162 630)
4(630 162 163 631)
4(631 163 164 632)
4(632 164 165 633)
4(633 165 166 634)
4(634 166 167 635)
4(635 167 168 636)
4(636 168 7 51)
4(18 637 169 2)
4(637 638 170 169)
4(638 639 171 170)
4(639 640 172 171)
4(640 641 173 172)
4(641 642 174 173)
4(642 643 175 174)
4(643 644 176 175)
4(644 645 177 176)
4(645 646 178 177)
4(646 647 179 178)
4(647 648 180 179)
4(648 649 181 180)
4(649 650 182 181)
4(650 651 183 182)
4(651 652 184 183)
4(652 653 185 184)
4(653 654 186 185)
4(654 655 187 186)
4(655 656 188 187)
4(656 657 189 188)
4(657 658 190 189)
4(658 659 191 190)
4(659 660 192 191)
4(660 661 193 192)
4(661 662 194 193)
4(662 663 195 194)
4(663 664 196 195)
4(664 665 197 196)
4(665 666 198 197)
4(666 667 199 198)
4(667 668 200 199)
4(668 669 201 200)
4(669 670 202 201)
4(670 671 203 202)
4(671 672 204 203)
4(672 673 205 204)
4(673 674 206 205)
4(674 675 207 206)
4(675 40 6 207)
4(17 676 637 18)
4(676 677 638 637)
4(677 678 639 638)
4(678 679 640 639)
4(679 680 641 640)
4(680 681 642 641)
4(681 682 643 642)
4(682 683 644 643)
4(683 684 645 644)
4(684 685 646 645)
4(685 686 647 646)
4(686 687 648 647)
4(687 688 649 648)
4(688 689 650 649)
4(689 690 651 650)
4(690 691 652 651)
4(691 692 653 652)
4(692 693 654 653)
4(693 694 655 654)
4(694 695 656 655)
4(695 696 657 656)
4(696 697 658 657)
4(697 698 659 658)
4(698 699 660 659)
4(699 700 661 660)
4(700 701 662 661)
4(701 702 663 662)
4(702 703 664 663)
4(703 704 665 664)
4(704 705 666 665)
4(705 706 667 666)
4(706 707 668 667)
4(707 708 669 668)
4(708 709 670 669)
4(709 710 671 670)
4(710 711 672 671)
4(711 712 673 672)
4(712 713 674 673)
4(713 714 675 674)
4(714 39 40 675)
4(16 715 676 17)
4(715 716 677 676)
4(716 717 678 677)
4(717 718 679 678)
4(718 719 680 679)
4(719 720 681 680)
4(720 721 682 681)
4(721 722 683 682)
4(722 723 684 683)
4(723 724 685 684)
4(724 725 686 685)
4(725 726 687 686)
4(726 727 688 687)
4(727 728 689 688)
4(728 729 690 689)
4(729 730 691 690)
4(730 731 692 691)
4(731 732 693 692)
4(732 733 694 693)
4(733 734 695 694)
4(734 735 696 695)
4(735 736 697 696)
4(736 737 698 697)
4(737 738 699 698)
4(738 739 700 699)
4(739 740 701 700)
4(740 741 702 701)
4(741 742 703 702)
4(742 743 704 703)
4(743 744 705 704)
4(744 745 706 705)
4(745 746 707 706)
4(746 747 708 707)
4(747 748 709 708)
4(748 749 710 709)
4(749 750 711 710)
4(750 751 712 711)
4(751 752 713 712)
4(752 753 714 713)
4(753 38 39 714)
4(15 754 715 16)
4(754 755 716 715)
4(755 756 717 716)
4(756 757 718 717)
4(757 758 719 718)
4(758 759 720 719)
4(759 760 721 720)
4(760 761 722 721)
4(761 762 723 722)
4(762 763 724 723)
4(763 764 725 724)
4(764 765 726 725)
4(765 766 727 726)
4(766 767 728 727)
4(767 768 729 728)
4(768 769 730 729)
4(769 770 731 730)
4(770 771 732 731)
4(771 772 733 732)
4(772 773 734 733)
4(773 774 735 734)
4(774 775 736 735)
4(775 776 737 736)
4(776 777 738 737)
4(777 778 739 738)
4(778 779 740 739)
4(779 780 741 740)
4(780 781 742 741)
4(781 782 743 742)
4(782 783 744 743)
4(783 784 745 744)
4(784 785 746 745)
4(785 786 747 746)
4(786 787 748 747)
4(787 788 749 748)
4(788 789 750 749)
4(789 790 751 750)
4(790 791 752 751)
4(791 792 753 752)
4(792 37 38 753)
4(14 793 754 15)
4(793 794 755 754)
4(794 795 756 755)
4(795 796 757 756)
4(796 797 758 757)
4(797 798 759 758)
4(798 799 760 759)
4(799 800 761 760)
4(800 801 762 761)
4(801 802 763 762)
4(802 803 764 763)
4(803 804 765 764)
4(804 805 766 765)
4(805 806 767 766)
4(806 807 768 767)
4(807 808 769 768)
4(808 809 770 769)
4(809 810 771 770)
4(810 811 772 771)
4(811 812 773 772)
4(812 813 774 773)
4(813 814 775 774)
4(814 815 776 775)
4(815 816 777 776)
4(816 817 778 777)
4(817 818 779 778)
4(818 819 780 779)
4(819 820 781 780)
4(820 821 782 781)
4(821 822 783 782)
4(822 823 784 783)
4(823 824 785 784)
4(824 825 786 785)
4(825 826 787 786)
4(826 827 788 787)
4(827 828 789 788)
4(828 829 790 789)
4(829 830 791 790)
4(830 831 792 791)
4(831 36 37 792)
4(13 832 793 14)
4(832 833 794 793)
4(833 834 795 794)
4(834 835 796 795)
4(835 836 797 796)
4(836 837 798 797)
4(837 838 799 798)
4(838 839 800 799)
4(839 840 801 800)
4(840 841 802 801)
4(841 842 803 802)
4(842 843 804 803)
4(843 844 805 804)
4(844 845 806 805)
4(845 846 807 806)
4(846 847 808 807)
4(847 848 809 808)
4(848 849 810 809)
4(849 850 811 810)
4(850 851 812 811)
4(851 852 813 812)
4(852 853 814 813)
4(853 854 815 814)
4(854 855 816 815)
4(855 856 817 816)
4(856 857 818 817)
4(857 858 819 818)
4(858 859 820 819)
4(859 860 821 820)
4(860 861 822 821)
4(861 862 823 822)
4(862 863 824 823)
4(863 864 825 824)
4(864 865 826 825)
4(865 866 827 826)
4(866 867 828 827)
4(867 868 829 828)
4(868 869 830 829)
4(869 870 831 830)
4(870 35 36 831)
4(12 871 832 13)
4(871 872 833 832)
4(872 873 834 833)
4(873 874 835 834)
4(874 875 836 835)
4(875 876 837 836)
4(876 877 838 837)
4(877 878 839 838)
4(878 879 840 839)
4(879 880 841 840)
4(880 881 842 841)
4(881 882 843 842)
4(882 883 844 843)
4(883 884 845 844)
4(884 885 846 845)
4(885 886 847 846)
4(886 887 848 847)
4(887 888 849 848)
4(888 889 850 849)
4(889 890 851 850)
4(890 891 852 851)
4(891 892 853 852)
4(892 893 854 853)
4(893 894 855 854)
4(894 895 856 855)
4(895 896 857 856)
4(896 897 858 857)
4(897 898 859 858)
4(898 899 860 859)
4(899 900 861 860)
4(900 901 862 861)
4(901 902 863 862)
4(902 903 864 863)
4(903 904 865 864)
4(904 905 866 865)
4(905 906 867 866)
4(906 907 868 867)
4(907 908 869 868)
4(908 909 870 869)
4(909 34 35 870)
4(11 910 871 12)
4(910 911 872 871)
4(911 912 873 872)
4(912 913 874 873)
4(913 914 875 874)
4(914 915 876 875)
4(915 916 877 876)
4(916 917 878 877)
4(917 918 879 878)
4(918 919 880 879)
4(919 920 881 880)
4(920 921 882 881)
4(921 922 883 882)
4(922 923 884 883)
4(923 924 885 884)
4(924 925 886 885)
4(925 926 887 886)
4(926 927 888 887)
4(927 928 889 888)
4(928 929 890 889)
4(929 930 891 890)
4(930 931 892 891)
4(931 932 893 892)
4(932 933 894 893)
4(933 934 895 894)
4(934 935 896 895)
4(935 936 897 896)
4(936 937 898 897)
4(937 938 899 898)
4(938 939 900 899)
4(939 940 901 900)
4(940 941 902 901)
4(941 942 903 902)
4(942 943 904 903)
4(943 944 905 904)
4(944 945 906 905)
4(945 946 907 906)
4(946 947 908 907)
4(947 948 909 908)
4(948 33 34 909)
4(10 949 910 11)
4(949 950 911 910)
4(950 951 912 911)
4(951 952 913 912)
4(952 953 914 913)
4(953 954 915 914)
4(954 955 916 915)
4(955 956 917 916)
4(956 957 918 917)
4(957 958 919 918)
4(958 959 920 919)
4(959 960 921 920)
4(960 961 922 921)
4(961 962 923 922)
4(962 963 924 923)
4(963 964 925 924)
4(964 965 926 925)
4(965 966 927 926)
4(966 967 928 927)
4(967 968 929 928)
4(968 969 930 929)
4(969 970 931 930)
4(970 971 932 931)
4(971 972 933 932)
4(972 973 934 933)
4(973 974 935 934)
4(974 975 936 935)
4(975 976 937 936)
4(976 977 938 937)
4(977 978 939 938)
4(978 979 940 939)
4(979 980 941 940)
4(980 981 942 941)
4(981 982 943 942)
4(982 983 944 943)
4(983 984 945 944)
4(984 985 946 945)
4(985 986 947 946)
4(986 987 948 947)
4(987 32 33 948)
4(9 988 949 10)
4(988 989 950 949)
4(989 990 951 950)
4(990 991 952 951)
4(991 992 953 952)
4(992 993 954 953)
4(993 994 955 954)
4(994 995 956 955)
4(995 996 957 956)
4(996 997 958 957)
4(997 998 959 958)
4(998 999 960 959)
4(999 1000 961 960)
4(1000 1001 962 961)
4(1001 1002 963 962)
4(1002 1003 964 963)
4(1003 1004 965 964)
4(1004 1005 966 965)
4(1005 1006 967 966)
4(1006 1007 968 967)
4(1007 1008 969 968)
4(1008 1009 970 969)
4(1009 1010 971 970)
4(1010 1011 972 971)
4(1011 1012 973 972)
4(1012 1013 974 973)
4(1013 1014 975 974)
4(1014 1015 976 975)
4(1015 1016 977 976)
4(1016 1017 978 977)
4(1017 1018 979 978)
4(1018 1019 980 979)
4(1019 1020 981 980)
4(1020 1021 982 981)
4(1021 1022 983 982)
4(1022 1023 984 983)
4(1023 1024 985 984)
4(1024 1025 986 985)
4(1025 1026 987 986)
4(1026 31 32 987)
4(8 1027 988 9)
4(1027 1028 989 988)
4(1028 1029 990 989)
4(1029 1030 991 990)
4(1030 1031 992 991)
4(1031 1032 993 992)
4(1032 1033 994 993)
4(1033 1034 995 994)
4(1034 1035 996 995)
4(1035 1036 997 996)
4(1036 1037 998 997)
4(1037 1038 999 998)
4(1038 1039 1000 999)
4(1039 1040 1001 1000)
4(1040 1041 1002 1001)
4(1041 1042 1003 1002)
4(1042 1043 1004 1003)
4(1043 1044 1005 1004)
4(1044 1045 1006 1005)
4(1045 1046 1007 1006)
4(1046 1047 1008 1007)
4(1047 1048 1009 1008)
4(1048 1049 1010 1009)
4(1049 1050 1011 1010)
4(1050 1051 1012 1011)
4(1051 1052 1013 1012)
4(1052 1053 1014 1013)
4(1053 1054 1015 1014)
4(1054 1055 1016 1015)
4(1055 1056 1017 1016)
4(1056 1057 1018 1017)
4(1057 1058 1019 1018)
4(1058 1059 1020 1019)
4(1059 1060 1021 1020)
4(1060 1061 1022 1021)
4(1061 1062 1023 1022)
4(1062 1063 1024 1023)
4(1063 1064 1025 1024)
4(1064 1065 1026 1025)
4(1065 30 31 1026)
4(0 91 1027 8)
4(91 92 1028 1027)
4(92 93 1029 1028)
4(93 94 1030 1029)
4(94 95 1031 1030)
4(95 96 1032 1031)
4(96 97 1033 1032)
4(97 98 1034 1033)
4(98 99 1035 1034)
4(99 100 1036 1035)
4(100 101 1037 1036)
4(101 102 1038 1037)
4(102 103 1039 1038)
4(103 104 1040 1039)
4(104 105 1041 1040)
4(105 106 1042 1041)
4(106 107 1043 1042)
4(107 108 1044 1043)
4(108 109 1045 1044)
4(109 110 1046 1045)
4(110 111 1047 1046)
4(111 112 1048 1047)
4(112 113 1049 1048)
4(113 114 1050 1049)
4(114 115 1051 1050)
4(115 116 1052 1051)
4(116 117 1053 1052)
4(117 118 1054 1053)
4(118 119 1055 1054)
4(119 120 1056 1055)
4(120 121 1057 1056)
4(121 122 1058 1057)
4(122 123 1059 1058)
4(123 124 1060 1059)
4(124 125 1061 1060)
4(125 126 1062 1061)
4(126 127 1063 1062)
4(127 128 1064 1063)
4(128 129 1065 1064)
4(129 4 30 1065)
4(4 5 41 30)
4(30 41 42 31)
4(31 42 43 32)
4(32 43 44 33)
4(33 44 45 34)
4(34 45 46 35)
4(35 46 47 36)
4(36 47 48 37)
4(37 48 49 38)
4(38 49 50 39)
4(39 50 51 40)
4(40 51 7 6)
)


// ************************************************************************* //
